1 12
2 33
3 29
4 24
5 14
6 13
7 18
8 30
9 16
10 2
11 22
12 3
13 8
14 32
15 4
16 1
17 24
18 30
19 3
20 5
21 24
22 27
23 31
24 17
25 12
26 24
27 33
28 8
29 22
30 31
31 28
32 24
33 1
34 2
35 2
36 5
37 2
38 3
39 22
40 14
41 14
42 8
43 25
44 17
45 9
46 31
47 24
48 15
49 20
50 1
51 1
52 1
53 1
54 1
55 1
56 1
57 29
58 2
59 34
60 19
61 11
62 27
63 8
64 18
65 18
66 28
67 18
68 22
69 1
70 2
71 26
72 26
73 23
74 26
75 2
76 24
77 13
78 27
79 28
80 29
81 22
82 4
83 9
84 12
85 11
86 16
87 30
88 10
89 5
90 19
91 1
92 1
93 11
94 26
95 23
96 24
97 13
98 6
99 17
100 1
101 27
102 20
103 26
104 13
105 5
106 30
107 5
108 1
109 16
110 11
111 32
112 29
113 20
114 15
115 5
116 2
117 33
118 16
119 16
120 1
121 23
122 27
123 29
124 24
125 28
126 2
127 5
128 5
129 3
130 30
131 22
132 1
133 17
134 31
135 22
136 2
137 31
138 24
139 17
140 1
141 8
142 1
143 10
144 3
145 6
146 1
147 22
148 5
149 30
150 30
151 6
152 26
153 15
154 9
155 11
156 30
157 23
158 1
159 16
160 10
161 7
162 17
163 14
164 31
165 30
166 19
167 20
168 3
169 21
170 5
171 9
172 21
173 17
174 32
175 16
176 4
177 13
178 24
179 30
180 4
181 29
182 27
183 1
184 20
185 18
186 1
187 18
188 9
189 8
190 12
191 11
192 15
193 14
194 16
195 1
196 12
197 19
198 5
199 1
200 21
201 1
202 3
203 34
204 26
205 8
206 32
207 7
208 18
209 16
210 2
211 3
212 32
213 3
214 11
215 1
216 18
217 27
218 4
219 4
220 17
221 21
222 1
223 31
224 22
225 16
226 11
227 3
228 17
229 2
230 28
231 5
232 33
233 1
234 17
235 14
236 22
237 16
238 17
239 15
240 21
241 9
242 8
243 28
244 1
245 3
246 33
247 17
248 5
249 1
250 26
251 31
252 1
253 21
254 6
255 33
256 30
257 1
258 3
259 19
260 27
261 12
262 29
263 12
264 23
265 21
266 14
267 18
268 30
269 2
270 17
271 22
272 2
273 24
274 4
275 9
276 14
277 21
278 26
279 19
280 20
281 34
282 14
283 8
284 32
285 2
286 1
287 1
288 16
289 13
290 11
291 5
292 3
293 22
294 4
295 19
296 1
297 17
298 16
299 28
300 28
301 16
302 29
303 9
304 33
305 6
306 31
307 13
308 25
309 23
310 5
311 31
312 23
313 1
314 1
315 12
316 20
317 30
318 28
319 19
320 15
321 19
322 2
323 23
324 3
325 33
326 11
327 16
328 13
329 32
330 18
331 1
332 3
333 2
334 10
335 10
336 27
337 15
338 25
339 1
340 9
341 27
342 5
343 20
344 19
345 1
346 3
347 27
348 11
349 1
350 18
351 18
352 16
353 18
354 18
355 18
356 12
357 12
358 18
359 6
360 30
361 10
362 24
363 28
364 4
365 22
366 20
367 29
368 13
369 14
370 19
371 24
372 26
373 26
374 32
375 3
376 23
377 12
378 27
379 25
380 20
381 2
382 11
383 1
384 2
385 28
386 16
387 19
388 15
389 1
390 33
391 31
392 7
393 7
394 7
395 7
396 7
397 7
398 7
399 31
400 33
401 31
402 26
403 30
404 31
405 14
406 30
407 20
408 15
409 22
410 18
411 18
412 18
413 9
414 6
415 4
416 28
417 12
418 12
419 24
420 3
421 10
422 1
423 1
424 25
425 17
426 21
427 29
428 7
429 23
430 29
431 6
432 27
433 33
434 13
435 20
436 11
437 16
438 23
439 30
440 1
441 1
442 1
443 34
444 34
445 34
446 34
447 25
448 19
449 27
450 33
451 27
452 13
453 27
454 1
455 9
456 11
457 5
458 1
459 8
460 9
461 15
462 23
463 23
464 14
465 6
466 15
467 25
468 9
469 29
470 26
471 12
472 2
473 30
474 16
475 21
476 8
477 34
478 24
479 19
480 19
481 1
482 19
483 13
484 13
485 13
486 20
487 33
488 29
489 23
490 21
491 31
492 22
493 3
494 11
495 2
496 28
497 27
498 17
499 18
500 33
501 6
502 1
503 12
504 8
505 30
506 4
507 27
508 22
509 10
510 30
511 14
512 5
513 13
514 25
515 26
516 34
517 7
518 2
519 23
520 32
521 17
522 2
523 11
524 9
525 3
526 20
527 31
528 4
529 27
530 19
531 2
532 3
533 1
534 18
535 1
536 5
537 16
538 13
539 13
540 17
541 4
542 13
543 13
544 25
545 22
546 16
547 4
548 13
549 1
550 23
551 19
552 3
553 2
554 8
555 18
556 34
557 4
558 17
559 22
560 9
561 15
562 33
563 33
564 26
565 1
566 19
567 2
568 32
569 34
570 3
571 12
572 8
573 20
574 3
575 12
576 6
577 18
578 16
579 1
580 23
581 24
582 8
583 10
584 33
585 18
586 13
587 1
588 1
589 20
590 2
591 2
592 5
593 34
594 11
595 3
596 1
597 2
598 1
599 30
600 6
601 29
602 2
603 1
604 21
605 34
606 16
607 27
608 1
609 1
610 2
611 26
612 8
613 7
614 4
615 20
616 1
617 8
618 1
619 3
620 19
621 9
622 8
623 10
624 19
625 1
626 23
627 1
628 2
629 3
630 13
631 16
632 5
633 11
634 9
635 25
636 14
637 5
638 23
639 1
640 17
641 29
642 15
643 31
644 10
645 6
646 14
647 12
648 27
649 13
650 1
651 4
652 23
653 25
654 2
655 2
656 1
657 1
658 8
659 25
660 24
661 10
662 11
663 22
664 2
665 30
666 14
667 33
668 25
669 34
670 9
671 10
672 5
673 2
674 27
675 9
676 2
677 19
678 2
679 10
680 5
681 11
682 6
