1 20
2 14
3 11
4 23
5 5
6 15
7 10
8 28
9 2
10 7
11 29
12 3
13 4
14 29
15 30
16 22
17 8
18 13
19 7
20 5
21 2
22 2
23 5
24 22
25 3
26 26
27 25
28 26
29 28
30 29
31 27
32 8
33 26
34 5
35 26
36 14
37 3
38 26
39 28
40 20
41 18
42 5
43 28
44 24
45 14
46 26
47 9
48 16
49 6
50 18
51 29
52 30
53 32
54 12
55 28
56 16
57 26
58 3
59 8
60 2
61 17
62 2
63 1
64 32
65 8
66 4
67 25
68 3
69 8
70 6
71 27
72 5
73 25
74 29
75 30
76 16
77 20
78 29
79 17
80 19
81 17
82 28
83 13
84 4
85 12
86 7
87 7
88 8
89 32
90 22
91 2
92 17
93 17
94 11
95 15
96 19
97 19
98 12
99 20
100 24
101 5
102 22
103 1
104 8
105 17
106 16
107 3
108 28
109 11
110 18
111 7
112 5
113 21
114 2
115 17
116 29
117 9
118 14
119 1
120 25
121 32
122 10
123 31
124 1
125 9
126 28
127 5
128 19
129 31
130 8
131 3
132 28
133 11
134 4
135 21
136 6
137 20
138 16
139 5
140 3
141 29
142 12
143 16
144 29
145 20
146 4
147 20
148 19
149 16
150 10
151 14
152 17
153 29
154 10
155 23
156 30
157 5
158 7
159 15
160 5
161 30
162 4
163 7
164 15
165 15
166 29
167 5
168 3
169 32
170 7
171 1
172 4
173 3
174 3
175 24
176 30
177 21
178 20
179 17
180 12
181 4
182 16
183 4
184 30
185 24
186 9
187 11
188 13
189 16
190 32
191 2
192 7
193 19
194 28
195 15
196 2
197 26
198 14
199 5
200 23
201 23
202 4
203 20
204 13
205 13
206 12
207 29
208 29
209 22
210 2
211 17
212 11
213 17
214 1
215 24
216 18
217 12
218 10
219 5
220 9
221 17
222 10
223 2
224 23
225 3
226 6
227 5
228 31
229 12
230 8
231 26
232 28
233 2
234 8
235 1
236 10
237 28
238 27
239 26
240 9
241 4
242 16
243 32
244 1
245 11
246 6
247 8
248 4
249 3
250 13
251 5
252 12
253 2
254 32
255 6
256 21
257 23
258 21
259 8
260 21
261 21
262 23
263 7
264 5
265 6
266 7
267 19
268 31
269 9
270 12
271 25
272 18
273 14
274 1
275 22
276 4
277 17
278 24
279 32
280 3
281 15
282 6
283 16
284 8
285 26
286 1
287 8
288 32
289 32
290 32
291 32
292 4
293 7
294 17
295 9
296 3
297 15
298 16
299 31
300 26
301 23
302 23
303 32
304 20
305 1
306 1
307 4
308 32
309 2
310 6
311 29
312 16
313 17
314 10
315 12
316 28
317 13
318 19
319 24
320 11
321 21
322 7
323 8
324 22
325 3
326 5
327 2
328 1
329 2
330 2
331 9
332 2
333 30
334 19
335 3
336 3
337 13
338 14
339 11
340 11
341 21
342 26
343 21
344 1
345 15
346 5
347 17
348 20
349 7
350 2
351 14
352 30
353 5
354 31
355 16
356 18
357 18
358 24
359 23
360 19
361 17
362 8
363 9
364 27
365 28
366 11
367 13
368 24
369 14
370 10
371 1
372 26
373 21
374 3
375 26
376 24
377 29
378 4
379 16
380 7
381 11
382 25
383 5
384 12
385 30
386 19
387 14
388 7
389 28
390 16
391 15
392 28
393 11
394 30
395 10
396 2
397 8
398 23
399 30
400 8
401 16
402 30
403 24
404 8
405 17
406 24
407 20
408 6
409 4
410 3
411 20
412 4
413 6
414 1
415 21
416 2
417 1
418 31
419 6
420 5
421 25
422 18
423 26
424 25
425 10
426 15
427 5
428 7
429 28
430 9
431 5
432 17
433 5
434 15
435 11
436 29
437 31
438 25
439 2
440 12
441 26
442 15
443 28
444 9
445 19
446 5
447 1
448 32
449 4
450 1
451 10
452 1
453 20
454 26
455 3
456 22
457 1
458 5
459 6
460 3
461 3
462 32
463 1
464 8
465 3
466 1
467 26
468 8
469 28
470 28
471 7
472 2
473 1
474 17
475 8
476 7
477 9
478 1
479 4
480 14
481 31
482 27
483 1
484 32
485 4
486 12
487 10
488 2
489 31
490 1
491 6
492 3
493 21
494 10
495 9
496 31
497 1
498 5
499 19
500 8
501 24
502 12
503 17
504 22
505 22
506 11
507 29
508 28
509 5
510 10
511 7
512 29
513 25
514 11
515 16
516 28
517 3
518 1
519 1
520 22
521 30
522 23
523 29
524 14
525 2
526 19
527 25
528 31
529 15
530 5
531 1
532 23
533 22
534 31
535 1
536 7
537 1
538 26
539 4
540 5
541 32
542 7
543 20
