1 25
2 25
3 27
4 15
5 8
6 17
7 3
8 30
9 16
10 4
11 11
12 25
13 1
14 23
15 1
16 1
17 31
18 10
19 3
20 26
21 15
22 21
23 1
24 27
25 21
26 2
27 16
28 24
29 6
30 28
31 5
32 16
33 1
34 22
35 7
36 30
37 6
38 11
39 31
40 31
41 25
42 8
43 12
44 25
45 28
46 8
47 6
48 8
49 2
50 9
51 9
52 8
53 2
54 9
55 9
56 9
57 9
58 27
59 20
60 26
61 9
62 8
63 6
64 30
65 13
66 12
67 22
68 4
69 14
70 15
71 21
72 18
73 7
74 5
75 23
76 10
77 28
78 15
79 12
80 4
81 11
82 29
83 10
84 9
85 13
86 6
87 21
88 2
89 7
90 26
91 4
92 1
93 18
94 18
95 13
96 10
97 18
98 29
99 17
100 28
101 13
102 14
103 6
104 21
105 18
106 9
107 3
108 22
109 2
110 13
111 18
112 28
113 30
114 6
115 25
116 28
117 18
118 17
119 4
120 8
121 18
122 18
123 2
124 29
125 7
126 27
127 22
128 10
129 8
130 22
131 13
132 11
133 7
134 5
135 4
136 18
137 10
138 8
139 18
140 6
141 3
142 21
143 5
144 7
145 1
146 19
147 25
148 15
149 6
150 19
151 6
152 18
153 20
154 26
155 20
156 19
157 13
158 11
159 16
160 4
161 21
162 23
163 9
164 25
165 6
166 31
167 16
168 17
169 31
170 11
171 28
172 26
173 12
174 6
175 9
176 29
177 14
178 7
179 9
180 11
181 28
182 21
183 18
184 22
185 27
186 30
187 30
188 6
189 3
190 10
191 1
192 19
193 16
194 11
195 31
196 8
197 6
198 19
199 30
200 4
201 30
202 29
203 5
204 11
205 3
206 22
207 20
208 9
209 11
210 23
211 2
212 16
213 16
214 20
215 16
216 7
217 21
218 10
219 12
220 4
221 19
222 1
223 5
224 27
225 28
226 17
227 18
228 13
229 17
230 20
231 7
232 29
233 22
234 2
235 8
236 27
237 28
238 10
239 8
240 4
241 31
242 18
243 17
244 7
245 24
246 12
247 24
248 19
249 27
250 14
251 3
252 29
253 4
254 3
255 25
256 9
257 16
258 27
259 6
260 9
261 14
262 2
263 29
264 30
265 31
266 22
267 13
268 24
269 27
270 12
271 6
272 4
273 9
274 22
275 19
276 7
277 29
278 31
279 18
280 16
281 14
282 23
283 3
284 7
285 24
286 4
287 4
288 8
289 8
290 13
291 24
292 15
293 6
294 1
295 24
296 10
297 18
298 7
299 7
300 7
301 8
302 28
303 17
304 7
305 17
306 2
307 21
308 10
309 21
310 1
311 11
312 2
313 4
314 5
315 16
316 18
317 15
318 19
319 24
320 11
321 19
322 1
323 12
324 25
325 27
326 13
327 31
328 30
329 11
330 14
331 3
332 2
333 1
334 17
335 10
336 21
337 8
338 2
339 31
340 19
341 28
342 9
343 7
344 3
345 4
346 27
347 1
348 14
349 1
350 30
351 10
352 10
353 30
354 30
355 30
356 30
357 16
358 30
359 15
360 8
361 8
362 15
363 22
364 29
365 27
366 23
367 20
368 5
369 5
370 12
371 13
372 13
373 11
374 19
375 2
376 4
377 23
378 18
379 1
380 22
381 9
382 27
383 16
384 9
385 7
386 21
387 1
388 24
389 16
390 30
391 31
392 1
393 1
394 1
395 1
396 1
397 1
398 1
399 2
400 11
401 2
402 15
403 18
404 18
405 20
406 27
407 23
408 1
409 27
410 30
411 30
412 3
413 15
414 19
415 29
416 17
417 6
418 5
419 26
420 31
421 13
422 17
423 16
424 14
425 8
426 3
427 4
428 1
429 7
430 23
431 1
432 19
433 24
434 29
435 6
436 9
437 8
438 10
439 20
440 1
441 2
442 3
443 14
444 14
445 14
446 14
447 14
448 7
449 7
450 17
451 19
452 24
453 18
454 25
455 8
456 9
457 25
458 25
459 28
460 2
461 11
462 22
463 3
464 26
465 15
466 22
467 13
468 29
469 29
470 20
471 2
472 27
473 30
474 9
475 4
476 31
477 5
478 21
479 7
480 18
481 16
482 12
483 24
484 24
485 24
486 24
487 24
488 4
489 3
490 4
491 20
492 4
493 8
494 23
495 31
496 16
497 26
498 10
499 25
500 22
501 25
502 4
503 24
504 18
505 6
506 29
507 21
508 19
509 9
510 24
511 5
512 12
513 24
514 7
515 28
516 14
517 5
518 18
519 17
520 11
521 15
522 10
523 25
524 18
525 11
526 31
527 26
528 15
529 12
530 28
531 15
532 2
533 4
534 9
535 14
536 2
537 27
538 5
539 23
540 23
541 23
542 13
543 2
544 7
545 5
546 20
547 16
548 22
549 6
550 25
551 13
552 6
553 4
554 15
555 24
556 23
557 28
558 8
559 22
560 4
561 8
562 26
563 16
564 12
565 18
566 19
567 23
568 9
569 9
570 14
571 14
572 14
573 3
574 11
575 7
576 21
577 21
578 11
579 26
580 14
581 11
582 16
583 23
584 24
585 30
586 3
587 24
588 26
589 17
590 16
591 30
592 18
593 4
594 19
595 15
596 1
597 2
598 25
599 29
600 29
601 28
602 15
603 28
604 30
605 27
606 12
607 24
608 15
609 1
610 13
611 17
612 4
613 1
614 11
615 3
616 5
617 15
618 18
619 14
620 14
621 28
622 30
623 7
624 30
625 15
626 28
627 12
628 21
629 2
630 10
631 5
632 11
633 8
634 4
635 25
636 25
637 6
638 8
639 23
640 13
641 19
642 2
643 16
644 6
645 2
646 17
647 16
648 4
649 12
650 21
651 10
652 15
653 18
654 2
655 2
656 1
657 1
658 3
659 2
660 22
661 25
662 13
663 5
664 20
665 16
666 31
667 5
668 10
669 27
670 13
671 14
672 16
673 26
674 4
675 7
676 6
677 1
678 3
679 5
680 10
681 8
682 4
