1 23
2 30
3 19
4 8
5 13
6 31
7 22
8 9
9 4
10 5
11 14
12 24
13 25
14 14
15 3
16 5
17 8
18 14
19 32
20 10
21 16
22 4
23 7
24 29
25 27
26 24
27 30
28 5
29 17
30 14
31 17
32 15
33 11
34 8
35 5
36 6
37 18
38 3
39 2
40 31
41 11
42 8
43 29
44 30
45 15
46 5
47 16
48 14
49 10
50 20
51 3
52 4
53 17
54 7
55 6
56 12
57 27
58 31
59 13
60 28
61 21
62 7
63 5
64 16
65 29
66 9
67 17
68 1
69 8
70 10
71 17
72 11
73 30
74 30
75 10
76 10
77 9
78 3
79 5
80 6
81 22
82 21
83 11
84 15
85 31
86 2
87 13
88 21
89 32
90 30
91 1
92 12
93 12
94 22
95 16
96 31
97 26
98 25
99 16
100 27
101 25
102 2
103 9
104 18
105 10
106 26
107 28
108 29
109 15
110 19
111 32
112 2
113 3
114 7
115 24
116 11
117 4
118 22
119 9
120 16
121 32
122 21
123 28
124 5
125 26
126 17
127 1
128 5
129 19
130 7
131 29
132 1
133 22
134 11
135 7
136 21
137 21
138 25
139 18
140 3
141 15
142 7
143 2
144 31
145 22
146 6
147 23
148 19
149 16
150 21
151 28
152 12
153 14
154 23
155 30
156 3
157 16
158 1
159 31
160 25
161 29
162 1
163 3
164 16
165 21
166 18
167 8
168 12
169 1
170 3
171 6
172 23
173 24
174 24
175 16
176 3
177 29
178 17
179 17
180 23
181 2
182 28
183 28
184 4
185 10
186 31
187 5
188 16
189 1
190 1
191 5
192 13
193 3
194 18
195 6
196 29
197 17
198 7
199 24
200 2
201 21
202 10
203 6
204 13
205 13
206 4
207 14
208 14
209 27
210 27
211 21
212 30
213 21
214 31
215 9
216 29
217 22
218 15
219 6
220 12
221 23
222 23
223 1
224 21
225 18
226 11
227 19
228 2
229 16
230 27
231 4
232 3
233 2
234 14
235 1
236 21
237 29
238 17
239 5
240 18
241 11
242 25
243 2
244 9
245 1
246 30
247 16
248 4
249 17
250 2
251 11
252 29
253 27
254 2
255 10
256 7
257 4
258 7
259 6
260 7
261 7
262 8
263 2
264 19
265 10
266 21
267 29
268 23
269 31
270 4
271 30
272 20
273 9
274 18
275 10
276 26
277 27
278 5
279 18
280 1
281 12
282 31
283 11
284 7
285 6
286 24
287 1
288 32
289 32
290 32
291 32
292 12
293 2
294 12
295 29
296 12
297 16
298 26
299 19
300 5
301 14
302 24
303 32
304 23
305 9
306 9
307 13
308 10
309 32
310 1
311 28
312 5
313 11
314 18
315 4
316 21
317 32
318 7
319 27
320 9
321 19
322 4
323 32
324 6
325 21
326 11
327 2
328 1
329 1
330 1
331 1
332 1
333 3
334 6
335 28
336 28
337 14
338 15
339 22
340 22
341 7
342 22
343 28
344 32
345 17
346 25
347 12
348 15
349 5
350 26
351 1
352 3
353 25
354 29
355 18
356 20
357 20
358 27
359 4
360 26
361 17
362 18
363 8
364 2
365 29
366 22
367 20
368 27
369 15
370 21
371 17
372 6
373 9
374 31
375 2
376 27
377 14
378 8
379 10
380 2
381 22
382 30
383 25
384 4
385 12
386 24
387 28
388 1
389 31
390 11
391 5
392 21
393 14
394 7
395 23
396 22
397 8
398 28
399 7
400 16
401 27
402 26
403 16
404 18
405 1
406 15
407 14
408 10
409 21
410 1
411 23
412 2
413 32
414 7
415 1
416 3
417 5
418 19
419 10
420 4
421 16
422 20
423 5
424 25
425 21
426 4
427 4
428 3
429 10
430 31
431 31
432 29
433 6
434 10
435 22
436 14
437 22
438 7
439 29
440 2
441 23
442 4
443 7
444 22
445 12
446 29
447 2
448 1
449 1
450 1
451 8
452 9
453 30
454 14
455 30
456 6
457 8
458 11
459 1
460 24
461 1
462 16
463 10
464 22
465 1
466 21
467 29
468 15
469 2
470 31
471 6
472 4
473 7
474 17
475 4
476 6
477 29
478 10
479 7
480 14
481 4
482 26
483 31
484 1
485 7
486 26
487 8
488 12
489 5
490 11
491 16
492 11
493 3
494 5
495 5
496 4
497 1
498 20
499 3
500 5
501 27
502 12
503 18
504 15
505 29
506 22
507 2
508 2
509 4
510 20
511 6
512 2
513 15
514 27
515 22
516 4
517 24
518 4
519 1
520 11
521 3
522 19
523 6
524 15
525 8
526 26
527 26
528 18
529 11
530 12
531 24
532 5
533 6
534 16
535 9
536 4
537 31
538 7
539 3
540 12
541 17
542 8
543 2
