1 7
2 28
3 13
4 14
5 1
6 31
7 10
8 22
9 3
10 2
11 10
12 11
13 4
14 33
15 19
16 19
17 12
18 28
19 1
20 2
21 24
22 19
23 29
24 8
25 12
26 22
27 22
28 23
29 29
30 22
31 22
32 6
33 23
34 23
35 23
36 14
37 11
38 13
39 20
40 24
41 30
42 24
43 33
44 15
45 20
46 20
47 15
48 10
49 27
50 30
51 17
52 5
53 3
54 33
55 14
56 22
57 15
58 10
59 10
60 2
61 9
62 27
63 20
64 6
65 22
66 1
67 12
68 12
69 1
70 13
71 5
72 10
73 17
74 21
75 17
76 22
77 20
78 23
79 32
80 13
81 8
82 3
83 3
84 33
85 7
86 13
87 1
88 14
89 8
90 15
91 1
92 31
93 15
94 9
95 16
96 19
97 14
98 4
99 16
100 23
101 20
102 19
103 24
104 12
105 31
106 22
107 20
108 21
109 16
110 3
111 9
112 3
113 1
114 18
115 13
116 11
117 15
118 14
119 3
120 9
121 3
122 4
123 2
124 31
125 31
126 23
127 1
128 6
129 9
130 2
131 21
132 28
133 9
134 9
135 32
136 26
137 18
138 6
139 20
140 23
141 11
142 19
143 10
144 18
145 1
146 4
147 17
148 6
149 26
150 31
151 2
152 13
153 10
154 29
155 2
156 23
157 14
158 18
159 3
160 5
161 5
162 25
163 2
164 16
165 10
166 23
167 21
168 30
169 3
170 2
171 1
172 7
173 11
174 11
175 27
176 10
177 9
178 24
179 20
180 1
181 30
182 13
183 10
184 22
185 27
186 14
187 3
188 8
189 2
190 31
191 20
192 29
193 28
194 33
195 23
196 11
197 5
198 7
199 30
200 15
201 18
202 16
203 23
204 1
205 1
206 23
207 19
208 21
209 9
210 7
211 23
212 2
213 23
214 1
215 27
216 3
217 6
218 5
219 30
220 7
221 21
222 3
223 24
224 2
225 33
226 33
227 19
228 6
229 12
230 17
231 10
232 1
233 2
234 17
235 4
236 8
237 21
238 13
239 33
240 22
241 15
242 31
243 30
244 7
245 29
246 9
247 18
248 1
249 6
250 1
251 13
252 1
253 1
254 2
255 27
256 32
257 28
258 32
259 27
260 32
261 32
262 24
263 17
264 29
265 27
266 17
267 33
268 30
269 14
270 10
271 2
272 26
273 28
274 22
275 25
276 31
277 15
278 26
279 7
280 17
281 11
282 18
283 12
284 19
285 8
286 4
287 1
288 25
289 25
290 25
291 25
292 15
293 16
294 22
295 31
296 16
297 3
298 28
299 28
300 5
301 9
302 11
303 1
304 12
305 4
306 7
307 15
308 27
309 22
310 27
311 29
312 17
313 26
314 6
315 31
316 19
317 1
318 13
319 29
320 1
321 25
322 4
323 33
324 10
325 33
326 16
327 2
328 19
329 18
330 18
331 18
332 18
333 31
334 17
335 33
336 23
337 13
338 13
339 19
340 9
341 19
342 9
343 33
344 27
345 5
346 24
347 30
348 18
349 7
350 15
351 1
352 13
353 33
354 22
355 12
356 30
357 16
358 19
359 24
360 17
361 14
362 6
363 14
364 23
365 20
366 22
367 30
368 4
369 17
370 10
371 5
372 9
373 24
374 18
375 8
376 29
377 6
378 4
379 9
380 19
381 9
382 2
383 22
384 5
385 2
386 20
387 8
388 7
389 18
390 33
391 15
392 10
393 8
394 1
395 3
396 5
397 33
398 33
399 17
400 16
401 33
402 19
403 19
404 29
405 28
406 12
407 24
408 13
409 17
410 1
411 11
412 15
413 8
414 3
415 10
416 15
417 3
418 31
419 26
420 31
421 9
422 30
423 33
424 15
425 6
426 15
427 19
428 31
429 31
430 4
431 9
432 21
433 33
434 30
435 18
436 25
437 14
438 3
439 22
440 15
441 33
442 6
443 3
444 24
445 25
446 30
447 1
448 17
449 8
450 19
451 19
452 27
453 27
454 12
455 27
456 24
457 33
458 16
459 15
460 11
461 1
462 17
463 8
464 27
465 15
466 24
467 5
468 17
469 13
470 19
471 3
472 15
473 1
474 18
475 1
476 25
477 6
478 27
479 8
480 13
481 2
482 10
483 14
484 19
485 3
486 33
487 4
488 29
489 9
490 1
491 22
492 11
493 2
494 13
495 1
496 1
497 7
498 15
499 22
500 4
501 33
502 17
503 23
504 7
505 7
506 10
507 27
508 1
509 3
510 19
511 30
512 9
513 29
514 8
515 23
516 17
517 1
518 13
519 1
520 28
521 14
522 14
523 7
524 10
525 3
526 3
527 2
528 7
529 23
530 3
531 1
532 30
533 12
534 2
535 22
536 7
537 15
538 27
539 12
540 14
541 10
542 22
543 15
