1 14
2 14
3 9
4 19
5 10
6 22
7 16
8 5
9 2
10 27
11 17
12 32
13 30
14 4
15 21
16 1
17 13
18 5
19 13
20 31
21 16
22 10
23 11
24 9
25 3
26 5
27 33
28 2
29 4
30 16
31 28
32 5
33 1
34 25
35 7
36 32
37 4
38 2
39 32
40 8
41 10
42 22
43 4
44 28
45 8
46 33
47 3
48 17
49 5
50 3
51 15
52 22
53 33
54 32
55 2
56 23
57 9
58 11
59 27
60 33
61 4
62 4
63 23
64 20
65 25
66 8
67 8
68 29
69 3
70 30
71 3
72 12
73 12
74 30
75 11
76 9
77 9
78 30
79 19
80 7
81 15
82 18
83 26
84 28
85 16
86 2
87 5
88 1
89 23
90 4
91 7
92 1
93 18
94 18
95 31
96 19
97 13
98 7
99 21
100 2
101 7
102 33
103 15
104 19
105 18
106 3
107 28
108 14
109 8
110 14
111 16
112 23
113 32
114 2
115 32
116 4
117 31
118 3
119 10
120 4
121 21
122 8
123 12
124 18
125 7
126 31
127 1
128 5
129 6
130 14
131 23
132 25
133 30
134 9
135 18
136 18
137 33
138 17
139 29
140 4
141 9
142 23
143 25
144 27
145 6
146 1
147 10
148 2
149 14
150 34
151 19
152 18
153 17
154 21
155 27
156 5
157 16
158 29
159 28
160 22
161 4
162 21
163 11
164 15
165 6
166 33
167 8
168 4
169 32
170 19
171 14
172 13
173 5
174 31
175 24
176 10
177 18
178 13
179 26
180 8
181 4
182 23
183 21
184 25
185 31
186 1
187 9
188 7
189 9
190 20
191 14
192 1
193 15
194 23
195 17
196 16
197 30
198 7
199 1
200 6
201 9
202 26
203 23
204 13
205 10
206 26
207 14
208 5
209 21
210 11
211 16
212 19
213 13
214 25
215 14
216 7
217 16
218 15
219 18
220 1
221 28
222 17
223 24
224 9
225 2
226 5
227 8
228 9
229 11
230 3
231 18
232 26
233 23
234 2
235 10
236 32
237 14
238 3
239 17
240 21
241 19
242 24
243 7
244 1
245 23
246 4
247 17
248 28
249 17
250 25
251 24
252 23
253 21
254 32
255 9
256 15
257 32
258 6
259 4
260 1
261 5
262 12
263 28
264 28
265 27
266 18
267 24
268 2
269 30
270 17
271 17
272 11
273 12
274 11
275 11
276 4
277 15
278 21
279 26
280 32
281 10
282 27
283 31
284 16
285 23
286 14
287 33
288 4
289 17
290 15
291 18
292 7
293 24
294 19
295 5
296 11
297 26
298 16
299 7
300 7
301 19
302 18
303 16
304 4
305 5
306 5
307 4
308 3
309 26
310 15
311 8
312 3
313 33
314 33
315 23
316 15
317 4
318 7
319 9
320 21
321 6
322 30
323 7
324 20
325 10
326 29
327 27
328 32
329 13
330 13
331 18
332 1
333 2
334 25
335 25
336 23
337 4
338 20
339 32
340 29
341 30
342 7
343 14
344 4
345 19
346 6
347 29
348 24
349 1
350 29
351 30
352 30
353 30
354 30
355 30
356 29
357 27
358 29
359 25
360 19
361 3
362 14
363 25
364 26
365 31
366 22
367 21
368 2
369 2
370 2
371 2
372 12
373 6
374 29
375 24
376 33
377 24
378 21
379 16
380 6
381 11
382 15
383 33
384 32
385 4
386 23
387 2
388 19
389 17
390 30
391 28
392 1
393 1
394 1
395 1
396 1
397 1
398 1
399 5
400 6
401 16
402 18
403 18
404 5
405 19
406 31
407 31
408 1
409 4
410 28
411 28
412 13
413 8
414 22
415 26
416 19
417 29
418 29
419 14
420 3
421 25
422 19
423 24
424 33
425 12
426 16
427 20
428 2
429 9
430 31
431 2
432 23
433 26
434 12
435 30
436 15
437 17
438 10
439 4
440 1
441 2
442 3
443 20
444 20
445 20
446 20
447 20
448 9
449 23
450 3
451 23
452 28
453 21
454 32
455 24
456 11
457 14
458 8
459 28
460 8
461 15
462 33
463 33
464 17
465 15
466 15
467 25
468 12
469 18
470 18
471 17
472 27
473 26
474 20
475 13
476 31
477 4
478 1
479 9
480 14
481 28
482 33
483 12
484 12
485 12
486 10
487 12
488 13
489 26
490 17
491 14
492 3
493 28
494 29
495 32
496 7
497 23
498 9
499 19
500 9
501 9
502 22
503 19
504 2
505 30
506 26
507 23
508 17
509 25
510 12
511 28
512 5
513 11
514 4
515 18
516 33
517 16
518 3
519 5
520 6
521 30
522 11
523 9
524 15
525 4
526 21
527 31
528 3
529 19
530 5
531 6
532 3
533 29
534 17
535 7
536 3
537 18
538 15
539 3
540 18
541 16
542 31
543 18
544 33
545 2
546 14
547 33
548 24
549 1
550 2
551 12
552 8
553 4
554 30
555 21
556 8
557 2
558 27
559 32
560 21
561 4
562 10
563 14
564 31
565 12
566 33
567 34
568 8
569 2
570 9
571 3
572 29
573 31
574 23
575 16
576 24
577 22
578 15
579 23
580 12
581 1
582 7
583 28
584 25
585 2
586 10
587 26
588 27
589 2
590 28
591 7
592 6
593 9
594 4
595 2
596 18
597 12
598 3
599 26
600 24
601 9
602 16
603 13
604 21
605 19
606 28
607 6
608 1
609 1
610 3
611 5
612 12
613 2
614 8
615 1
616 30
617 12
618 19
619 30
620 21
621 29
622 21
623 4
624 12
625 21
626 33
627 14
628 24
629 2
630 7
631 27
632 6
633 1
634 29
635 16
636 17
637 19
638 4
639 13
640 10
641 33
642 9
643 16
644 1
645 33
646 29
647 6
648 7
649 21
650 29
651 23
652 7
653 28
654 1
655 1
656 2
657 1
658 13
659 17
660 32
661 25
662 28
663 32
664 19
665 26
666 11
667 32
668 8
669 7
670 2
671 13
672 18
673 28
674 14
675 18
676 1
677 16
678 4
679 2
680 3
681 12
682 8
