1 27
2 27
3 3
4 20
5 11
6 8
7 26
8 6
9 7
10 22
11 24
12 29
13 18
14 30
15 14
16 1
17 31
18 4
19 29
20 10
21 20
22 20
23 23
24 3
25 18
26 26
27 7
28 29
29 10
30 9
31 13
32 22
33 1
34 9
35 6
36 18
37 25
38 16
39 31
40 31
41 27
42 11
43 10
44 26
45 9
46 11
47 13
48 11
49 9
50 26
51 30
52 11
53 26
54 30
55 30
56 30
57 30
58 3
59 12
60 2
61 30
62 19
63 13
64 6
65 19
66 19
67 18
68 22
69 21
70 20
71 8
72 25
73 9
74 14
75 23
76 4
77 13
78 26
79 19
80 29
81 24
82 5
83 17
84 30
85 11
86 1
87 8
88 9
89 18
90 3
91 10
92 7
93 25
94 25
95 19
96 17
97 13
98 5
99 3
100 18
101 5
102 26
103 13
104 20
105 25
106 30
107 29
108 27
109 30
110 9
111 25
112 18
113 23
114 5
115 27
116 2
117 16
118 8
119 22
120 9
121 2
122 25
123 21
124 5
125 30
126 3
127 1
128 19
129 11
130 27
131 1
132 23
133 22
134 14
135 3
136 12
137 17
138 21
139 6
140 3
141 27
142 18
143 4
144 9
145 22
146 1
147 11
148 3
149 13
150 17
151 13
152 25
153 12
154 2
155 12
156 17
157 19
158 24
159 7
160 22
161 8
162 23
163 30
164 27
165 13
166 31
167 7
168 8
169 31
170 24
171 9
172 2
173 10
174 13
175 30
176 3
177 21
178 15
179 14
180 24
181 9
182 3
183 23
184 18
185 6
186 1
187 26
188 4
189 28
190 23
191 1
192 17
193 7
194 20
195 31
196 6
197 30
198 19
199 11
200 1
201 1
202 5
203 14
204 2
205 29
206 8
207 31
208 13
209 23
210 23
211 26
212 7
213 7
214 12
215 21
216 25
217 18
218 4
219 10
220 22
221 26
222 9
223 14
224 3
225 7
226 8
227 25
228 19
229 8
230 23
231 22
232 31
233 27
234 16
235 3
236 3
237 9
238 4
239 11
240 22
241 31
242 4
243 17
244 9
245 12
246 10
247 1
248 28
249 18
250 17
251 10
252 28
253 22
254 29
255 10
256 5
257 7
258 13
259 2
260 23
261 18
262 1
263 26
264 31
265 31
266 18
267 6
268 28
269 5
270 10
271 8
272 3
273 26
274 25
275 24
276 31
277 31
278 17
279 16
280 13
281 10
282 23
283 29
284 30
285 26
286 22
287 12
288 7
289 11
290 20
291 3
292 20
293 11
294 1
295 7
296 12
297 25
298 13
299 15
300 15
301 11
302 9
303 8
304 15
305 3
306 3
307 14
308 4
309 19
310 1
311 20
312 15
313 22
314 2
315 13
316 25
317 20
318 17
319 28
320 24
321 5
322 29
323 14
324 27
325 6
326 21
327 3
328 16
329 19
330 19
331 1
332 2
333 19
334 8
335 4
336 18
337 11
338 26
339 31
340 17
341 1
342 5
343 17
344 21
345 22
346 28
347 12
348 7
349 1
350 6
351 6
352 4
353 6
354 6
355 6
356 6
357 7
358 2
359 20
360 11
361 11
362 20
363 30
364 5
365 3
366 23
367 12
368 14
369 14
370 10
371 19
372 19
373 24
374 17
375 26
376 22
377 23
378 25
379 1
380 28
381 13
382 9
383 16
384 3
385 15
386 8
387 23
388 2
389 16
390 6
391 31
392 1
393 1
394 1
395 1
396 1
397 1
398 1
399 26
400 24
401 26
402 20
403 25
404 25
405 12
406 3
407 23
408 1
409 3
410 6
411 6
412 29
413 20
414 17
415 16
416 8
417 13
418 14
419 2
420 31
421 19
422 8
423 22
424 21
425 30
426 7
427 9
428 1
429 15
430 23
431 1
432 17
433 28
434 16
435 29
436 30
437 11
438 4
439 5
440 3
441 1
442 1
443 21
444 21
445 21
446 21
447 21
448 17
449 15
450 8
451 17
452 28
453 25
454 27
455 11
456 30
457 27
458 27
459 9
460 26
461 24
462 18
463 29
464 2
465 20
466 18
467 25
468 5
469 9
470 14
471 30
472 12
473 29
474 21
475 22
476 31
477 21
478 10
479 4
480 3
481 9
482 10
483 28
484 28
485 28
486 28
487 28
488 22
489 29
490 22
491 12
492 22
493 11
494 23
495 31
496 7
497 2
498 4
499 27
500 18
501 27
502 20
503 26
504 25
505 13
506 16
507 18
508 17
509 30
510 28
511 14
512 19
513 28
514 15
515 9
516 21
517 14
518 25
519 8
520 24
521 20
522 4
523 22
524 13
525 11
526 5
527 2
528 13
529 25
530 18
531 28
532 20
533 26
534 9
535 3
536 20
537 14
538 10
539 6
540 20
541 23
542 28
543 14
544 23
545 14
546 27
547 22
548 26
549 2
550 4
551 3
552 13
553 20
554 13
555 3
556 10
557 15
558 1
559 12
560 22
561 2
562 2
563 7
564 11
565 11
566 17
567 23
568 8
569 16
570 7
571 6
572 22
573 29
574 1
575 15
576 18
577 30
578 9
579 22
580 7
581 21
582 23
583 9
584 30
585 21
586 29
587 5
588 7
589 14
590 18
591 3
592 26
593 30
594 3
595 9
596 1
597 20
598 2
599 5
600 30
601 9
602 6
603 3
604 31
605 16
606 21
607 13
608 1
609 1
610 5
611 22
612 2
613 13
614 3
615 1
616 15
617 6
618 11
619 1
620 28
621 12
622 12
623 10
624 17
625 27
626 5
627 25
628 29
629 2
630 27
631 3
632 9
633 31
634 1
635 19
636 9
637 25
638 23
639 27
640 13
641 10
642 3
643 20
644 24
645 16
646 9
647 26
648 20
649 7
650 3
651 22
652 1
653 10
654 1
655 1
656 2
657 1
658 29
659 26
660 12
661 27
662 19
663 28
664 20
665 5
666 31
667 16
668 23
669 12
670 21
671 22
672 2
673 6
674 2
675 18
676 6
677 1
678 5
679 4
680 20
681 27
682 9
