1 5
2 29
3 26
4 13
5 26
6 28
7 32
8 7
9 34
10 1
11 19
12 15
13 9
14 18
15 2
16 1
17 13
18 14
19 33
20 23
21 13
22 14
23 15
24 34
25 15
26 13
27 24
28 6
29 7
30 11
31 23
32 2
33 1
34 31
35 5
36 9
37 4
38 8
39 8
40 7
41 16
42 7
43 7
44 7
45 30
46 7
47 7
48 11
49 27
50 10
51 10
52 10
53 11
54 8
55 10
56 11
57 10
58 3
59 18
60 24
61 7
62 32
63 16
64 32
65 32
66 29
67 32
68 21
69 11
70 19
71 33
72 26
73 10
74 9
75 27
76 14
77 31
78 4
79 21
80 13
81 8
82 2
83 28
84 25
85 19
86 1
87 12
88 9
89 10
90 10
91 35
92 6
93 25
94 25
95 31
96 6
97 28
98 4
99 1
100 32
101 34
102 7
103 3
104 26
105 2
106 20
107 33
108 8
109 2
110 7
111 22
112 23
113 2
114 2
115 2
116 17
117 28
118 34
119 1
120 14
121 14
122 12
123 22
124 10
125 9
126 8
127 1
128 16
129 11
130 4
131 5
132 28
133 5
134 26
135 35
136 2
137 24
138 14
139 33
140 2
141 32
142 13
143 22
144 5
145 8
146 3
147 8
148 28
149 5
150 16
151 5
152 25
153 23
154 30
155 16
156 6
157 31
158 21
159 26
160 12
161 20
162 27
163 25
164 22
165 18
166 17
167 29
168 20
169 35
170 31
171 12
172 35
173 6
174 8
175 34
176 24
177 32
178 9
179 1
180 6
181 31
182 15
183 27
184 4
185 3
186 1
187 32
188 17
189 1
190 25
191 9
192 10
193 4
194 21
195 22
196 7
197 26
198 2
199 32
200 18
201 2
202 20
203 31
204 24
205 33
206 5
207 1
208 14
209 4
210 19
211 31
212 4
213 20
214 13
215 10
216 3
217 14
218 6
219 35
220 31
221 24
222 2
223 22
224 4
225 34
226 16
227 29
228 4
229 2
230 31
231 34
232 5
233 26
234 1
235 7
236 21
237 34
238 4
239 23
240 35
241 17
242 11
243 9
244 22
245 14
246 29
247 2
248 2
249 22
250 10
251 5
252 2
253 35
254 2
255 21
256 4
257 2
258 14
259 28
260 14
261 5
262 35
263 6
264 16
265 35
266 15
267 13
268 27
269 20
270 4
271 26
272 35
273 6
274 21
275 29
276 9
277 31
278 16
279 2
280 7
281 18
282 35
283 33
284 13
285 21
286 10
287 34
288 22
289 5
290 3
291 25
292 32
293 20
294 1
295 2
296 17
297 19
298 9
299 9
300 9
301 7
302 3
303 9
304 9
305 12
306 11
307 34
308 17
309 9
310 13
311 14
312 30
313 24
314 10
315 23
316 13
317 2
318 10
319 28
320 8
321 2
322 34
323 35
324 12
325 11
326 32
327 21
328 7
329 1
330 22
331 14
332 3
333 2
334 12
335 5
336 14
337 23
338 25
339 17
340 2
341 5
342 11
343 6
344 1
345 26
346 10
347 1
348 35
349 1
350 32
351 32
352 34
353 32
354 3
355 32
356 15
357 3
358 24
359 17
360 11
361 12
362 13
363 4
364 1
365 21
366 34
367 3
368 28
369 29
370 24
371 13
372 32
373 6
374 13
375 5
376 23
377 27
378 24
379 19
380 33
381 8
382 17
383 22
384 21
385 28
386 31
387 6
388 11
389 7
390 19
391 16
392 1
393 1
394 1
395 1
396 1
397 1
398 2
399 30
400 8
401 30
402 35
403 21
404 30
405 5
406 27
407 27
408 1
409 21
410 32
411 32
412 33
413 20
414 7
415 6
416 9
417 15
418 15
419 13
420 19
421 12
422 5
423 14
424 26
425 1
426 25
427 29
428 1
429 31
430 29
431 7
432 11
433 6
434 28
435 33
436 16
437 34
438 17
439 23
440 1
441 1
442 26
443 18
444 18
445 18
446 18
447 17
448 24
449 10
450 35
451 14
452 28
453 5
454 20
455 21
456 16
457 5
458 2
459 32
460 30
461 22
462 23
463 33
464 20
465 22
466 23
467 11
468 8
469 9
470 2
471 21
472 13
473 33
474 5
475 3
476 30
477 26
478 24
479 26
480 2
481 26
482 24
483 28
484 28
485 28
486 27
487 29
488 3
489 31
490 35
491 11
492 21
493 10
494 16
495 19
496 9
497 14
498 26
499 6
500 29
501 20
502 35
503 4
504 19
505 2
506 6
507 14
508 31
509 12
510 27
511 33
512 21
513 28
514 31
515 25
516 18
517 34
518 28
519 34
520 8
521 35
522 19
523 31
524 12
525 35
526 5
527 22
528 25
529 1
530 13
531 6
532 9
533 17
534 4
535 8
536 2
537 28
538 28
539 28
540 33
541 33
542 32
543 28
544 14
545 26
546 2
547 32
548 17
549 10
550 4
551 12
552 23
553 32
554 8
555 12
556 16
557 1
558 13
559 21
560 30
561 35
562 27
563 29
564 20
565 25
566 24
567 19
568 34
569 33
570 4
571 10
572 18
573 22
574 1
575 33
576 15
577 15
578 13
579 10
580 31
581 1
582 13
583 4
584 31
585 24
586 22
587 32
588 10
589 15
590 24
591 31
592 2
593 25
594 14
595 11
596 17
597 28
598 17
599 11
600 11
601 2
602 6
603 2
604 35
605 6
606 34
607 16
608 1
609 2
610 7
611 12
612 32
613 7
614 5
615 12
616 2
617 28
618 28
619 1
620 23
621 5
622 2
623 17
624 20
625 13
626 24
627 10
628 12
629 1
630 7
631 12
632 11
633 21
634 2
635 4
636 31
637 4
638 19
639 17
640 4
641 16
642 28
643 20
644 26
645 5
646 35
647 21
648 17
649 1
650 10
651 7
652 28
653 15
654 2
655 2
656 1
657 1
658 33
659 6
660 7
661 12
662 31
663 7
664 28
665 8
666 35
667 19
668 3
669 5
670 12
671 18
672 8
673 6
674 11
675 22
676 3
677 28
678 12
679 32
680 7
681 2
682 18
