1 20
2 11
3 2
4 14
5 24
6 18
7 7
8 8
9 1
10 9
11 25
12 15
13 8
14 25
15 16
16 17
17 24
18 25
19 24
20 1
21 10
22 11
23 5
24 18
25 2
26 8
27 11
28 10
29 27
30 25
31 12
32 12
33 9
34 12
35 12
36 20
37 2
38 10
39 27
40 17
41 29
42 29
43 10
44 11
45 15
46 10
47 16
48 10
49 4
50 3
51 6
52 15
53 1
54 28
55 15
56 23
57 9
58 2
59 19
60 11
61 13
62 5
63 8
64 26
65 6
66 23
67 8
68 1
69 24
70 18
71 17
72 26
73 11
74 25
75 17
76 2
77 18
78 16
79 9
80 24
81 15
82 16
83 21
84 30
85 7
86 27
87 24
88 18
89 1
90 11
91 1
92 23
93 21
94 19
95 22
96 3
97 26
98 9
99 22
100 14
101 9
102 2
103 12
104 30
105 4
106 10
107 26
108 27
109 14
110 3
111 10
112 21
113 24
114 5
115 7
116 19
117 8
118 15
119 7
120 11
121 1
122 28
123 30
124 17
125 23
126 24
127 1
128 20
129 30
130 3
131 14
132 13
133 19
134 29
135 5
136 4
137 21
138 10
139 12
140 16
141 14
142 25
143 9
144 1
145 25
146 7
147 26
148 23
149 22
150 18
151 11
152 6
153 25
154 27
155 11
156 16
157 21
158 2
159 29
160 17
161 23
162 12
163 25
164 22
165 23
166 3
167 15
168 20
169 1
170 3
171 11
172 30
173 10
174 8
175 3
176 27
177 9
178 12
179 18
180 30
181 22
182 26
183 11
184 10
185 29
186 17
187 27
188 3
189 11
190 13
191 13
192 23
193 21
194 1
195 26
196 14
197 18
198 5
199 22
200 8
201 18
202 14
203 9
204 24
205 24
206 22
207 25
208 21
209 22
210 18
211 21
212 6
213 18
214 24
215 2
216 27
217 19
218 28
219 12
220 5
221 4
222 7
223 1
224 17
225 10
226 6
227 26
228 30
229 18
230 15
231 28
232 1
233 11
234 3
235 23
236 18
237 27
238 30
239 15
240 29
241 23
242 9
243 4
244 6
245 1
246 10
247 15
248 1
249 2
250 8
251 30
252 23
253 1
254 2
255 4
256 5
257 6
258 5
259 7
260 5
261 5
262 12
263 29
264 29
265 26
266 15
267 6
268 21
269 24
270 19
271 11
272 3
273 16
274 29
275 1
276 10
277 3
278 27
279 1
280 26
281 20
282 23
283 20
284 5
285 18
286 10
287 17
288 1
289 1
290 1
291 1
292 23
293 29
294 22
295 27
296 22
297 20
298 26
299 14
300 2
301 25
302 8
303 1
304 30
305 10
306 10
307 22
308 21
309 13
310 1
311 9
312 19
313 26
314 24
315 6
316 5
317 1
318 5
319 27
320 25
321 17
322 28
323 1
324 7
325 27
326 9
327 2
328 1
329 13
330 13
331 13
332 13
333 19
334 14
335 27
336 12
337 25
338 18
339 8
340 7
341 2
342 9
343 30
344 27
345 17
346 25
347 24
348 1
349 10
350 21
351 1
352 16
353 9
354 13
355 28
356 28
357 2
358 2
359 30
360 2
361 8
362 17
363 14
364 28
365 15
366 23
367 10
368 8
369 12
370 6
371 13
372 4
373 30
374 29
375 18
376 28
377 25
378 14
379 18
380 3
381 19
382 11
383 13
384 17
385 11
386 27
387 18
388 16
389 2
390 21
391 5
392 7
393 3
394 26
395 23
396 24
397 10
398 26
399 8
400 8
401 9
402 18
403 8
404 28
405 3
406 3
407 21
408 4
409 17
410 2
411 2
412 2
413 18
414 20
415 1
416 9
417 23
418 14
419 4
420 17
421 21
422 15
423 20
424 4
425 4
426 6
427 2
428 29
429 13
430 6
431 24
432 16
433 2
434 26
435 28
436 1
437 21
438 5
439 18
440 7
441 10
442 6
443 26
444 20
445 30
446 23
447 21
448 4
449 3
450 1
451 1
452 7
453 25
454 25
455 3
456 12
457 14
458 5
459 10
460 27
461 1
462 20
463 1
464 7
465 1
466 3
467 17
468 30
469 10
470 13
471 20
472 23
473 1
474 23
475 2
476 15
477 28
478 23
479 1
480 5
481 13
482 16
483 3
484 9
485 23
486 1
487 6
488 12
489 29
490 2
491 9
492 7
493 4
494 13
495 2
496 1
497 9
498 15
499 29
500 2
501 14
502 19
503 6
504 17
505 18
506 21
507 12
508 1
509 8
510 30
511 13
512 7
513 15
514 24
515 3
516 1
517 30
518 1
519 1
520 6
521 16
522 14
523 12
524 21
525 1
526 9
527 17
528 21
529 9
530 19
531 15
532 2
533 14
534 23
535 2
536 9
537 9
538 13
539 11
540 27
541 10
542 14
543 14
