1 27
2 19
3 6
4 31
5 7
6 23
7 28
8 21
9 22
10 18
11 15
12 23
13 31
14 15
15 2
16 6
17 26
18 26
19 21
20 2
21 16
22 4
23 13
24 24
25 22
26 23
27 18
28 18
29 13
30 15
31 11
32 15
33 17
34 21
35 26
36 19
37 12
38 32
39 7
40 7
41 7
42 7
43 18
44 32
45 7
46 7
47 32
48 7
49 8
50 3
51 15
52 22
53 1
54 16
55 22
56 16
57 28
58 29
59 14
60 26
61 4
62 23
63 32
64 31
65 32
66 3
67 21
68 16
69 30
70 5
71 11
72 17
73 17
74 17
75 23
76 32
77 19
78 29
79 4
80 4
81 7
82 30
83 31
84 26
85 25
86 13
87 18
88 6
89 30
90 16
91 1
92 29
93 32
94 4
95 3
96 28
97 2
98 21
99 12
100 30
101 17
102 6
103 18
104 20
105 32
106 32
107 7
108 2
109 17
110 29
111 17
112 5
113 9
114 14
115 32
116 22
117 16
118 28
119 31
120 24
121 18
122 4
123 22
124 6
125 6
126 22
127 1
128 28
129 31
130 2
131 29
132 25
133 4
134 30
135 9
136 8
137 14
138 16
139 20
140 31
141 11
142 10
143 17
144 16
145 8
146 31
147 12
148 27
149 32
150 5
151 2
152 13
153 15
154 7
155 30
156 19
157 4
158 16
159 24
160 13
161 15
162 2
163 22
164 3
165 11
166 26
167 3
168 28
169 8
170 10
171 1
172 28
173 23
174 23
175 29
176 17
177 31
178 11
179 5
180 22
181 28
182 20
183 16
184 18
185 30
186 10
187 24
188 7
189 28
190 19
191 32
192 26
193 21
194 32
195 16
196 17
197 5
198 9
199 27
200 31
201 3
202 18
203 16
204 14
205 14
206 6
207 4
208 12
209 8
210 6
211 24
212 7
213 6
214 21
215 29
216 2
217 15
218 20
219 27
220 8
221 28
222 22
223 32
224 5
225 3
226 18
227 16
228 8
229 11
230 14
231 4
232 1
233 3
234 6
235 4
236 5
237 24
238 11
239 21
240 16
241 26
242 32
243 6
244 7
245 2
246 5
247 25
248 10
249 25
250 3
251 32
252 31
253 16
254 1
255 8
256 9
257 20
258 9
259 20
260 9
261 9
262 12
263 27
264 17
265 27
266 4
267 2
268 19
269 21
270 22
271 29
272 28
273 31
274 7
275 1
276 23
277 17
278 12
279 1
280 24
281 18
282 32
283 18
284 6
285 10
286 17
287 10
288 1
289 1
290 1
291 1
292 28
293 22
294 4
295 32
296 2
297 30
298 10
299 10
300 6
301 5
302 23
303 1
304 12
305 17
306 27
307 14
308 30
309 17
310 2
311 16
312 6
313 2
314 26
315 24
316 29
317 1
318 9
319 31
320 16
321 32
322 22
323 1
324 20
325 18
326 7
327 1
328 2
329 25
330 26
331 25
332 25
333 19
334 32
335 2
336 7
337 15
338 13
339 28
340 20
341 8
342 18
343 10
344 31
345 21
346 22
347 8
348 6
349 14
350 30
351 24
352 18
353 21
354 19
355 12
356 16
357 22
358 22
359 22
360 6
361 3
362 31
363 28
364 11
365 29
366 20
367 7
368 31
369 14
370 17
371 27
372 4
373 2
374 16
375 12
376 16
377 15
378 16
379 8
380 22
381 4
382 13
383 24
384 29
385 2
386 23
387 7
388 18
389 29
390 7
391 3
392 29
393 5
394 12
395 1
396 32
397 21
398 21
399 20
400 22
401 21
402 4
403 30
404 20
405 23
406 31
407 21
408 17
409 25
410 2
411 27
412 27
413 23
414 13
415 17
416 1
417 6
418 10
419 30
420 6
421 22
422 8
423 21
424 31
425 17
426 18
427 32
428 26
429 13
430 5
431 14
432 19
433 24
434 16
435 22
436 11
437 27
438 24
439 25
440 31
441 21
442 17
443 4
444 2
445 6
446 8
447 2
448 5
449 1
450 1
451 26
452 16
453 27
454 12
455 13
456 18
457 7
458 25
459 3
460 32
461 2
462 12
463 18
464 30
465 2
466 18
467 29
468 26
469 3
470 7
471 10
472 22
473 6
474 4
475 2
476 22
477 25
478 15
479 1
480 8
481 16
482 7
483 32
484 10
485 27
486 29
487 4
488 3
489 32
490 6
491 12
492 17
493 15
494 8
495 8
496 3
497 4
498 10
499 32
500 31
501 6
502 20
503 12
504 25
505 2
506 5
507 9
508 1
509 13
510 29
511 2
512 1
513 22
514 30
515 10
516 7
517 18
518 1
519 1
520 20
521 19
522 29
523 18
524 2
525 1
526 32
527 10
528 24
529 15
530 4
531 12
532 8
533 30
534 6
535 3
536 2
537 8
538 4
539 6
540 15
541 25
542 5
543 18
