1 7
2 12
3 16
4 19
5 25
6 23
7 10
8 27
9 29
10 18
11 21
12 11
13 24
14 31
15 14
16 6
17 4
18 12
19 13
20 1
21 7
22 16
23 25
24 30
25 2
26 27
27 17
28 28
29 26
30 11
31 26
32 21
33 20
34 32
35 1
36 12
37 22
38 20
39 9
40 17
41 33
42 8
43 9
44 10
45 20
46 9
47 3
48 21
49 4
50 33
51 10
52 19
53 32
54 33
55 9
56 16
57 29
58 28
59 26
60 11
61 18
62 4
63 1
64 1
65 16
66 30
67 27
68 13
69 2
70 32
71 17
72 21
73 31
74 1
75 1
76 21
77 8
78 29
79 5
80 14
81 10
82 33
83 30
84 8
85 12
86 14
87 34
88 16
89 13
90 11
91 1
92 34
93 29
94 16
95 23
96 15
97 12
98 19
99 22
100 3
101 20
102 14
103 15
104 35
105 34
106 19
107 20
108 9
109 10
110 28
111 10
112 7
113 14
114 30
115 25
116 11
117 26
118 12
119 28
120 22
121 13
122 32
123 27
124 18
125 22
126 17
127 1
128 1
129 27
130 19
131 9
132 12
133 16
134 20
135 5
136 21
137 26
138 2
139 21
140 9
141 7
142 1
143 33
144 5
145 22
146 32
147 31
148 26
149 8
150 23
151 22
152 34
153 32
154 18
155 17
156 3
157 15
158 5
159 1
160 17
161 32
162 14
163 3
164 23
165 17
166 15
167 20
168 21
169 29
170 4
171 12
172 23
173 11
174 11
175 24
176 19
177 14
178 22
179 18
180 2
181 23
182 15
183 31
184 18
185 4
186 34
187 17
188 30
189 13
190 13
191 20
192 33
193 2
194 6
195 22
196 14
197 4
198 12
199 23
200 19
201 11
202 23
203 16
204 30
205 30
206 32
207 10
208 10
209 30
210 26
211 12
212 30
213 23
214 34
215 7
216 19
217 28
218 2
219 16
220 1
221 27
222 18
223 13
224 11
225 16
226 35
227 14
228 1
229 5
230 29
231 33
232 4
233 3
234 1
235 12
236 18
237 9
238 26
239 6
240 19
241 31
242 34
243 33
244 26
245 13
246 17
247 9
248 6
249 14
250 23
251 1
252 2
253 1
254 2
255 4
256 5
257 1
258 5
259 4
260 5
261 6
262 24
263 7
264 19
265 4
266 22
267 8
268 33
269 31
270 21
271 27
272 8
273 15
274 23
275 16
276 11
277 33
278 1
279 27
280 13
281 2
282 8
283 2
284 25
285 18
286 22
287 3
288 13
289 13
290 13
291 13
292 31
293 24
294 24
295 34
296 24
297 28
298 12
299 12
300 26
301 18
302 11
303 13
304 35
305 3
306 7
307 30
308 28
309 12
310 13
311 10
312 29
313 23
314 23
315 34
316 32
317 10
318 19
319 1
320 34
321 11
322 14
323 32
324 19
325 8
326 6
327 1
328 2
329 25
330 25
331 25
332 25
333 21
334 1
335 19
336 20
337 26
338 34
339 8
340 16
341 1
342 6
343 18
344 10
345 28
346 29
347 22
348 2
349 15
350 25
351 13
352 3
353 6
354 30
355 35
356 33
357 14
358 33
359 35
360 8
361 22
362 17
363 31
364 6
365 9
366 16
367 26
368 2
369 29
370 10
371 25
372 4
373 2
374 5
375 18
376 10
377 2
378 12
379 18
380 14
381 16
382 27
383 6
384 17
385 32
386 20
387 22
388 4
389 16
390 21
391 32
392 16
393 7
394 22
395 31
396 1
397 8
398 22
399 11
400 24
401 27
402 23
403 29
404 9
405 5
406 23
407 7
408 26
409 17
410 1
411 7
412 28
413 5
414 26
415 2
416 6
417 4
418 34
419 3
420 34
421 16
422 33
423 6
424 19
425 25
426 16
427 8
428 33
429 3
430 10
431 8
432 18
433 32
434 28
435 23
436 3
437 33
438 25
439 12
440 1
441 35
442 9
443 3
444 5
445 18
446 10
447 1
448 5
449 11
450 2
451 7
452 4
453 7
454 35
455 4
456 15
457 32
458 7
459 1
460 21
461 3
462 7
463 4
464 17
465 30
466 23
467 17
468 6
469 33
470 33
471 7
472 14
473 21
474 1
475 1
476 4
477 22
478 10
479 30
480 2
481 5
482 9
483 13
484 7
485 5
486 23
487 3
488 13
489 12
490 1
491 9
492 10
493 4
494 7
495 3
496 17
497 2
498 33
499 27
500 29
501 25
502 35
503 19
504 1
505 1
506 16
507 10
508 14
509 31
510 22
511 7
512 11
513 8
514 35
515 21
516 28
517 12
518 30
519 1
520 19
521 22
522 12
523 31
524 21
525 28
526 28
527 27
528 21
529 16
530 10
531 33
532 29
533 7
534 26
535 13
536 1
537 33
538 5
539 33
540 3
541 18
542 9
543 33
