1 13
2 25
3 7
4 24
5 3
6 10
7 12
8 14
9 8
10 6
11 4
12 1
13 23
14 4
15 5
16 9
17 4
18 4
19 29
20 2
21 1
22 8
23 15
24 17
25 3
26 7
27 12
28 7
29 7
30 4
31 1
32 14
33 26
34 26
35 14
36 25
37 22
38 22
39 21
40 12
41 28
42 22
43 21
44 23
45 1
46 22
47 2
48 29
49 16
50 20
51 26
52 2
53 11
54 15
55 21
56 7
57 23
58 10
59 1
60 25
61 6
62 3
63 13
64 10
65 3
66 15
67 26
68 29
69 17
70 17
71 12
72 8
73 25
74 17
75 7
76 7
77 28
78 26
79 11
80 17
81 1
82 24
83 24
84 23
85 10
86 9
87 3
88 7
89 30
90 10
91 21
92 11
93 11
94 19
95 2
96 20
97 8
98 26
99 2
100 18
101 26
102 7
103 14
104 27
105 16
106 29
107 8
108 9
109 9
110 20
111 7
112 4
113 10
114 3
115 24
116 21
117 23
118 6
119 24
120 19
121 29
122 6
123 27
124 22
125 21
126 12
127 15
128 13
129 27
130 1
131 18
132 10
133 19
134 28
135 15
136 17
137 13
138 21
139 18
140 8
141 26
142 22
143 22
144 20
145 27
146 24
147 8
148 18
149 2
150 17
151 25
152 21
153 4
154 27
155 12
156 5
157 26
158 3
159 10
160 12
161 3
162 17
163 3
164 2
165 12
166 28
167 1
168 4
169 5
170 21
171 18
172 20
173 22
174 23
175 11
176 5
177 26
178 8
179 21
180 28
181 16
182 25
183 16
184 6
185 18
186 23
187 17
188 19
189 29
190 8
191 3
192 20
193 10
194 11
195 25
196 16
197 18
198 17
199 10
200 1
201 24
202 1
203 6
204 3
205 3
206 2
207 4
208 2
209 27
210 9
211 10
212 27
213 3
214 1
215 11
216 14
217 28
218 24
219 19
220 17
221 9
222 26
223 29
224 19
225 5
226 4
227 6
228 18
229 2
230 7
231 16
232 1
233 2
234 4
235 3
236 17
237 9
238 27
239 1
240 6
241 11
242 26
243 8
244 21
245 30
246 14
247 1
248 20
249 17
250 28
251 4
252 20
253 2
254 1
255 16
256 15
257 21
258 15
259 24
260 15
261 15
262 28
263 28
264 28
265 16
266 21
267 13
268 13
269 3
270 19
271 25
272 20
273 19
274 1
275 16
276 15
277 18
278 24
279 29
280 8
281 22
282 10
283 27
284 7
285 17
286 20
287 5
288 30
289 30
290 30
291 30
292 11
293 28
294 2
295 11
296 2
297 13
298 8
299 18
300 7
301 4
302 23
303 29
304 27
305 22
306 22
307 2
308 13
309 17
310 1
311 21
312 19
313 17
314 3
315 28
316 1
317 29
318 24
319 9
320 22
321 3
322 6
323 30
324 24
325 8
326 12
327 2
328 1
329 10
330 10
331 10
332 10
333 5
334 18
335 9
336 14
337 4
338 21
339 23
340 24
341 15
342 26
343 20
344 29
345 12
346 7
347 28
348 27
349 2
350 26
351 29
352 4
353 26
354 5
355 6
356 6
357 20
358 7
359 6
360 7
361 23
362 12
363 17
364 6
365 1
366 11
367 22
368 23
369 28
370 5
371 21
372 24
373 8
374 10
375 19
376 6
377 4
378 29
379 7
380 20
381 19
382 25
383 9
384 12
385 25
386 9
387 20
388 7
389 11
390 20
391 15
392 24
393 19
394 15
395 7
396 27
397 22
398 8
399 15
400 23
401 6
402 8
403 13
404 6
405 18
406 2
407 17
408 16
409 4
410 7
411 27
412 17
413 13
414 20
415 19
416 7
417 21
418 18
419 16
420 11
421 28
422 1
423 13
424 16
425 16
426 1
427 20
428 5
429 12
430 21
431 3
432 28
433 11
434 16
435 10
436 2
437 22
438 10
439 24
440 7
441 1
442 26
443 4
444 6
445 11
446 17
447 24
448 8
449 17
450 2
451 9
452 24
453 25
454 4
455 26
456 14
457 22
458 4
459 29
460 23
461 15
462 1
463 22
464 3
465 29
466 17
467 9
468 24
469 7
470 1
471 13
472 7
473 1
474 28
475 28
476 6
477 8
478 2
479 4
480 15
481 29
482 5
483 1
484 21
485 29
486 7
487 14
488 9
489 1
490 6
491 12
492 18
493 7
494 3
495 3
496 2
497 5
498 1
499 14
500 11
501 7
502 19
503 26
504 10
505 8
506 24
507 17
508 12
509 13
510 5
511 11
512 4
513 9
514 1
515 14
516 16
517 3
518 2
519 1
520 8
521 5
522 13
523 2
524 7
525 29
526 26
527 9
528 2
529 26
530 22
531 26
532 20
533 29
534 3
535 24
536 6
537 25
538 17
539 11
540 29
541 3
542 28
543 25
