1 34
2 24
3 29
4 17
5 28
6 15
7 33
8 19
9 20
10 12
11 5
12 25
13 30
14 16
15 30
16 1
17 7
18 16
19 22
20 10
21 8
22 28
23 35
24 7
25 34
26 5
27 20
28 11
29 24
30 36
31 26
32 3
33 1
34 32
35 29
36 8
37 19
38 5
39 27
40 8
41 31
42 15
43 10
44 23
45 34
46 23
47 7
48 4
49 7
50 23
51 6
52 6
53 8
54 5
55 20
56 26
57 29
58 33
59 33
60 9
61 25
62 30
63 25
64 35
65 26
66 24
67 31
68 27
69 23
70 11
71 15
72 13
73 16
74 13
75 32
76 36
77 1
78 1
79 30
80 29
81 5
82 19
83 22
84 36
85 26
86 14
87 4
88 3
89 25
90 15
91 6
92 1
93 13
94 13
95 18
96 15
97 34
98 2
99 12
100 35
101 26
102 17
103 24
104 29
105 13
106 3
107 12
108 20
109 20
110 6
111 35
112 31
113 27
114 13
115 21
116 13
117 10
118 23
119 9
120 12
121 25
122 7
123 33
124 19
125 30
126 5
127 4
128 8
129 30
130 16
131 34
132 2
133 2
134 29
135 14
136 15
137 35
138 1
139 12
140 2
141 29
142 35
143 33
144 1
145 6
146 4
147 7
148 33
149 35
150 35
151 17
152 13
153 4
154 29
155 33
156 3
157 8
158 5
159 12
160 3
161 17
162 14
163 26
164 2
165 19
166 9
167 20
168 6
169 21
170 25
171 10
172 7
173 24
174 26
175 15
176 33
177 30
178 7
179 31
180 30
181 18
182 6
183 4
184 32
185 29
186 28
187 30
188 9
189 20
190 36
191 34
192 1
193 2
194 2
195 4
196 32
197 3
198 12
199 2
200 1
201 7
202 22
203 26
204 13
205 28
206 10
207 5
208 36
209 3
210 19
211 5
212 33
213 4
214 32
215 28
216 19
217 20
218 10
219 13
220 2
221 27
222 32
223 15
224 21
225 2
226 35
227 6
228 29
229 10
230 15
231 33
232 23
233 3
234 2
235 24
236 21
237 34
238 23
239 4
240 14
241 17
242 21
243 10
244 1
245 25
246 18
247 23
248 27
249 14
250 15
251 4
252 24
253 14
254 21
255 9
256 18
257 27
258 5
259 19
260 7
261 10
262 4
263 34
264 34
265 33
266 24
267 22
268 34
269 18
270 4
271 4
272 4
273 2
274 36
275 7
276 26
277 22
278 14
279 26
280 15
281 25
282 3
283 35
284 35
285 5
286 7
287 7
288 12
289 4
290 34
291 18
292 18
293 11
294 15
295 14
296 16
297 19
298 9
299 30
300 30
301 29
302 13
303 4
304 6
305 18
306 31
307 31
308 21
309 16
310 1
311 20
312 18
313 9
314 9
315 22
316 7
317 24
318 30
319 17
320 5
321 33
322 1
323 14
324 21
325 28
326 36
327 20
328 9
329 29
330 26
331 12
332 3
333 1
334 32
335 23
336 16
337 18
338 36
339 21
340 27
341 9
342 20
343 30
344 15
345 23
346 1
347 25
348 13
349 1
350 27
351 11
352 11
353 11
354 11
355 11
356 27
357 33
358 24
359 19
360 19
361 23
362 34
363 30
364 22
365 35
366 15
367 14
368 31
369 31
370 35
371 31
372 25
373 9
374 27
375 20
376 2
377 12
378 16
379 11
380 26
381 5
382 9
383 23
384 5
385 30
386 10
387 31
388 1
389 4
390 11
391 8
392 1
393 1
394 1
395 1
396 1
397 1
398 1
399 18
400 5
401 8
402 13
403 13
404 13
405 19
406 18
407 17
408 1
409 17
410 12
411 12
412 12
413 35
414 15
415 22
416 20
417 27
418 27
419 34
420 23
421 32
422 23
423 31
424 9
425 2
426 26
427 8
428 3
429 4
430 24
431 15
432 30
433 25
434 22
435 6
436 2
437 11
438 28
439 19
440 1
441 2
442 2
443 36
444 36
445 36
446 36
447 36
448 29
449 16
450 35
451 15
452 28
453 24
454 21
455 10
456 10
457 7
458 9
459 9
460 9
461 8
462 11
463 4
464 8
465 2
466 2
467 32
468 5
469 25
470 20
471 27
472 16
473 19
474 35
475 7
476 21
477 29
478 1
479 33
480 9
481 20
482 9
483 25
484 25
485 25
486 28
487 25
488 18
489 35
490 4
491 28
492 23
493 3
494 11
495 21
496 30
497 16
498 29
499 12
500 25
501 29
502 17
503 27
504 6
505 18
506 22
507 16
508 23
509 32
510 30
511 12
512 24
513 18
514 8
515 13
516 2
517 11
518 31
519 33
520 5
521 7
522 3
523 22
524 32
525 25
526 4
527 2
528 31
529 14
530 8
531 7
532 31
533 18
534 21
535 1
536 3
537 6
538 23
539 27
540 13
541 19
542 5
543 4
544 13
545 11
546 26
547 20
548 15
549 3
550 2
551 1
552 6
553 35
554 14
555 34
556 11
557 1
558 31
559 21
560 14
561 32
562 28
563 15
564 10
565 12
566 9
567 19
568 5
569 22
570 31
571 28
572 28
573 8
574 1
575 7
576 16
577 15
578 23
579 5
580 27
581 23
582 18
583 4
584 32
585 30
586 9
587 25
588 20
589 12
590 3
591 29
592 7
593 15
594 32
595 2
596 1
597 8
598 6
599 25
600 15
601 29
602 14
603 20
604 36
605 22
606 33
607 8
608 2
609 1
610 18
611 35
612 8
613 3
614 15
615 2
616 5
617 8
618 12
619 13
620 3
621 27
622 2
623 25
624 2
625 28
626 19
627 1
628 13
629 11
630 15
631 10
632 6
633 31
634 14
635 3
636 3
637 14
638 19
639 7
640 20
641 9
642 17
643 15
644 12
645 18
646 14
647 11
648 3
649 10
650 31
651 27
652 2
653 30
654 2
655 2
656 1
657 10
658 7
659 4
660 8
661 18
662 22
663 31
664 21
665 24
666 3
667 19
668 2
669 7
670 15
671 18
672 5
673 28
674 3
675 27
676 5
677 18
678 6
679 12
680 7
681 17
682 4
