1 32
2 32
3 5
4 12
5 13
6 34
7 3
8 15
9 26
10 9
11 29
12 17
13 25
14 19
15 18
16 1
17 11
18 3
19 24
20 30
21 12
22 2
23 1
24 15
25 2
26 31
27 26
28 6
29 30
30 10
31 5
32 19
33 1
34 5
35 30
36 2
37 1
38 31
39 18
40 30
41 10
42 19
43 18
44 30
45 13
46 13
47 11
48 16
49 11
50 33
51 33
52 20
53 30
54 31
55 33
56 33
57 33
58 14
59 27
60 2
61 11
62 29
63 25
64 35
65 19
66 19
67 6
68 18
69 32
70 16
71 29
72 12
73 15
74 33
75 14
76 3
77 3
78 28
79 6
80 19
81 31
82 24
83 30
84 10
85 20
86 11
87 8
88 4
89 4
90 4
91 22
92 1
93 9
94 9
95 3
96 28
97 23
98 22
99 5
100 28
101 26
102 32
103 34
104 3
105 9
106 33
107 26
108 18
109 6
110 3
111 27
112 14
113 21
114 2
115 5
116 8
117 12
118 32
119 34
120 18
121 20
122 35
123 31
124 28
125 11
126 9
127 1
128 2
129 1
130 5
131 30
132 8
133 11
134 4
135 3
136 9
137 16
138 2
139 27
140 5
141 23
142 2
143 32
144 28
145 3
146 11
147 12
148 3
149 13
150 27
151 27
152 9
153 19
154 6
155 25
156 21
157 25
158 31
159 12
160 18
161 30
162 32
163 13
164 4
165 3
166 10
167 7
168 11
169 26
170 17
171 34
172 20
173 29
174 10
175 33
176 2
177 17
178 25
179 16
180 6
181 30
182 3
183 9
184 12
185 18
186 2
187 6
188 20
189 31
190 35
191 1
192 21
193 13
194 2
195 12
196 2
197 2
198 31
199 18
200 30
201 1
202 24
203 4
204 31
205 23
206 21
207 12
208 11
209 9
210 23
211 9
212 12
213 12
214 11
215 12
216 10
217 29
218 26
219 9
220 8
221 17
222 35
223 4
224 2
225 14
226 22
227 13
228 12
229 18
230 10
231 3
232 24
233 14
234 6
235 3
236 5
237 32
238 2
239 14
240 21
241 13
242 3
243 5
244 16
245 28
246 29
247 22
248 16
249 1
250 25
251 13
252 1
253 20
254 19
255 31
256 29
257 12
258 9
259 2
260 7
261 28
262 1
263 14
264 35
265 27
266 28
267 24
268 14
269 7
270 29
271 2
272 28
273 15
274 4
275 31
276 4
277 24
278 27
279 18
280 9
281 25
282 29
283 3
284 3
285 26
286 23
287 22
288 8
289 10
290 30
291 16
292 11
293 35
294 35
295 19
296 32
297 30
298 8
299 7
300 5
301 22
302 16
303 5
304 4
305 9
306 9
307 32
308 10
309 5
310 1
311 9
312 31
313 34
314 20
315 19
316 26
317 14
318 12
319 2
320 18
321 27
322 1
323 29
324 8
325 33
326 33
327 9
328 24
329 11
330 15
331 14
332 1
333 2
334 22
335 18
336 8
337 16
338 13
339 11
340 6
341 35
342 2
343 30
344 21
345 4
346 26
347 9
348 7
349 1
350 17
351 28
352 28
353 28
354 28
355 28
356 17
357 25
358 6
359 19
360 19
361 22
362 16
363 1
364 24
365 6
366 34
367 21
368 2
369 32
370 2
371 10
372 13
373 23
374 31
375 12
376 5
377 17
378 3
379 15
380 32
381 35
382 10
383 29
384 19
385 2
386 8
387 17
388 11
389 25
390 28
391 27
392 1
393 1
394 1
395 1
396 1
397 1
398 1
399 3
400 31
401 33
402 9
403 3
404 30
405 28
406 27
407 12
408 1
409 2
410 5
411 24
412 20
413 13
414 11
415 6
416 28
417 17
418 17
419 21
420 25
421 22
422 3
423 28
424 34
425 12
426 30
427 29
428 1
429 10
430 25
431 1
432 4
433 6
434 35
435 32
436 32
437 24
438 19
439 15
440 11
441 1
442 22
443 35
444 35
445 35
446 35
447 35
448 11
449 35
450 8
451 3
452 8
453 26
454 14
455 26
456 14
457 18
458 23
459 27
460 16
461 25
462 20
463 34
464 32
465 18
466 32
467 12
468 24
469 3
470 28
471 24
472 15
473 34
474 35
475 5
476 3
477 17
478 16
479 31
480 28
481 9
482 34
483 15
484 15
485 15
486 10
487 15
488 33
489 6
490 9
491 21
492 13
493 20
494 17
495 7
496 30
497 3
498 29
499 26
500 19
501 26
502 25
503 23
504 23
505 11
506 24
507 29
508 9
509 14
510 4
511 8
512 22
513 15
514 16
515 30
516 34
517 25
518 14
519 14
520 31
521 26
522 19
523 8
524 13
525 23
526 4
527 19
528 1
529 10
530 12
531 6
532 23
533 28
534 3
535 12
536 18
537 9
538 21
539 12
540 6
541 24
542 11
543 9
544 10
545 5
546 24
547 3
548 1
549 21
550 2
551 12
552 3
553 8
554 5
555 28
556 1
557 23
558 6
559 23
560 18
561 29
562 30
563 11
564 24
565 23
566 25
567 19
568 35
569 21
570 14
571 17
572 20
573 4
574 31
575 9
576 34
577 5
578 26
579 30
580 24
581 1
582 26
583 17
584 23
585 32
586 15
587 10
588 4
589 8
590 2
591 27
592 18
593 5
594 29
595 3
596 2
597 17
598 2
599 15
600 34
601 10
602 19
603 27
604 6
605 20
606 18
607 3
608 1
609 1
610 11
611 16
612 1
613 2
614 18
615 3
616 8
617 1
618 34
619 9
620 5
621 29
622 11
623 15
624 32
625 3
626 6
627 14
628 11
629 5
630 29
631 11
632 10
633 27
634 2
635 18
636 10
637 3
638 34
639 10
640 3
641 35
642 33
643 32
644 15
645 7
646 16
647 11
648 9
649 10
650 27
651 22
652 11
653 35
654 1
655 1
656 2
657 1
658 20
659 32
660 11
661 13
662 11
663 13
664 18
665 10
666 3
667 30
668 26
669 2
670 19
671 8
672 6
673 24
674 29
675 8
676 2
677 7
678 1
679 4
680 22
681 3
682 29
