1 7
2 7
3 25
4 30
5 20
6 28
7 11
8 33
9 6
10 1
11 16
12 5
13 22
14 14
15 27
16 1
17 28
18 26
19 17
20 12
21 30
22 32
23 20
24 31
25 18
26 30
27 23
28 3
29 8
30 14
31 33
32 2
33 1
34 21
35 18
36 14
37 4
38 21
39 21
40 26
41 27
42 28
43 26
44 31
45 5
46 11
47 21
48 31
49 6
50 9
51 2
52 10
53 10
54 21
55 10
56 24
57 12
58 6
59 6
60 18
61 27
62 31
63 22
64 24
65 35
66 27
67 22
68 22
69 13
70 4
71 13
72 29
73 33
74 29
75 3
76 2
77 19
78 17
79 24
80 9
81 8
82 36
83 25
84 27
85 35
86 32
87 16
88 4
89 15
90 2
91 7
92 13
93 29
94 29
95 20
96 2
97 35
98 16
99 36
100 14
101 11
102 9
103 9
104 12
105 29
106 4
107 23
108 20
109 5
110 12
111 36
112 24
113 18
114 10
115 25
116 35
117 9
118 7
119 29
120 2
121 4
122 13
123 35
124 17
125 28
126 21
127 22
128 33
129 19
130 36
131 22
132 25
133 22
134 5
135 34
136 11
137 11
138 31
139 25
140 3
141 31
142 24
143 15
144 5
145 27
146 2
147 10
148 8
149 27
150 6
151 6
152 29
153 15
154 5
155 11
156 4
157 11
158 19
159 34
160 26
161 7
162 31
163 14
164 19
165 35
166 34
167 22
168 28
169 27
170 24
171 16
172 10
173 31
174 31
175 9
176 12
177 13
178 10
179 33
180 13
181 23
182 24
183 5
184 2
185 15
186 2
187 20
188 17
189 14
190 27
191 30
192 4
193 14
194 24
195 9
196 21
197 10
198 1
199 14
200 22
201 2
202 36
203 24
204 3
205 15
206 32
207 27
208 31
209 4
210 35
211 21
212 9
213 15
214 17
215 13
216 17
217 32
218 23
219 23
220 15
221 20
222 2
223 19
224 4
225 3
226 11
227 14
228 11
229 20
230 36
231 27
232 7
233 24
234 22
235 4
236 25
237 7
238 17
239 3
240 5
241 14
242 25
243 25
244 33
245 20
246 12
247 3
248 22
249 25
250 13
251 15
252 31
253 10
254 15
255 9
256 12
257 13
258 3
259 1
260 15
261 6
262 29
263 17
264 17
265 6
266 7
267 7
268 17
269 17
270 31
271 26
272 24
273 10
274 11
275 8
276 28
277 36
278 6
279 2
280 9
281 33
282 4
283 22
284 22
285 24
286 35
287 35
288 24
289 13
290 17
291 7
292 19
293 28
294 1
295 11
296 23
297 17
298 27
299 22
300 25
301 19
302 29
303 5
304 28
305 24
306 20
307 24
308 3
309 3
310 1
311 20
312 9
313 27
314 16
315 35
316 6
317 11
318 36
319 32
320 21
321 18
322 9
323 4
324 2
325 24
326 13
327 19
328 27
329 8
330 3
331 11
332 3
333 1
334 16
335 12
336 24
337 3
338 13
339 28
340 6
341 20
342 1
343 7
344 35
345 4
346 14
347 3
348 10
349 1
350 18
351 8
352 8
353 8
354 8
355 8
356 18
357 3
358 18
359 35
360 35
361 16
362 8
363 19
364 36
365 20
366 27
367 5
368 17
369 3
370 32
371 15
372 33
373 2
374 18
375 22
376 9
377 27
378 4
379 30
380 6
381 11
382 20
383 28
384 21
385 1
386 16
387 22
388 10
389 19
390 13
391 6
392 1
393 1
394 1
395 1
396 1
397 1
398 1
399 19
400 21
401 26
402 29
403 36
404 29
405 8
406 6
407 12
408 1
409 32
410 4
411 15
412 20
413 34
414 28
415 2
416 8
417 18
418 18
419 5
420 23
421 16
422 19
423 29
424 11
425 1
426 11
427 33
428 22
429 31
430 4
431 1
432 24
433 26
434 2
435 9
436 7
437 36
438 35
439 33
440 1
441 1
442 2
443 13
444 13
445 13
446 13
447 13
448 27
449 24
450 30
451 32
452 23
453 30
454 9
455 9
456 15
457 10
458 11
459 25
460 14
461 19
462 5
463 5
464 7
465 4
466 7
467 17
468 21
469 13
470 6
471 36
472 24
473 10
474 33
475 25
476 12
477 18
478 27
479 14
480 8
481 30
482 27
483 33
484 33
485 33
486 34
487 33
488 33
489 9
490 19
491 12
492 9
493 36
494 36
495 22
496 20
497 24
498 31
499 10
500 35
501 23
502 19
503 3
504 15
505 28
506 36
507 24
508 7
509 17
510 33
511 5
512 27
513 33
514 11
515 29
516 7
517 8
518 13
519 31
520 21
521 10
522 35
523 36
524 17
525 21
526 3
527 31
528 3
529 1
530 12
531 4
532 10
533 29
534 12
535 5
536 2
537 25
538 20
539 6
540 20
541 20
542 11
543 7
544 29
545 25
546 7
547 10
548 33
549 1
550 29
551 14
552 3
553 24
554 27
555 17
556 33
557 22
558 14
559 15
560 5
561 16
562 2
563 28
564 9
565 16
566 27
567 35
568 13
569 36
570 35
571 15
572 35
573 11
574 2
575 18
576 24
577 5
578 36
579 35
580 35
581 1
582 36
583 10
584 22
585 27
586 13
587 16
588 28
589 4
590 27
591 27
592 3
593 13
594 7
595 28
596 1
597 20
598 4
599 33
600 9
601 23
602 12
603 3
604 17
605 9
606 33
607 6
608 1
609 24
610 14
611 2
612 6
613 10
614 8
615 16
616 2
617 5
618 11
619 29
620 10
621 17
622 4
623 7
624 33
625 27
626 17
627 29
628 12
629 1
630 14
631 8
632 2
633 36
634 20
635 25
636 10
637 29
638 28
639 24
640 2
641 7
642 13
643 23
644 4
645 1
646 15
647 27
648 14
649 31
650 20
651 7
652 29
653 36
654 2
655 2
656 1
657 1
658 10
659 7
660 31
661 14
662 29
663 34
664 28
665 20
666 6
667 17
668 33
669 24
670 8
671 18
672 2
673 31
674 10
675 35
676 31
677 17
678 23
679 1
680 8
681 33
682 10
