1 13
2 24
3 1
4 29
5 21
6 22
7 8
8 5
9 2
10 19
11 32
12 26
13 31
14 9
15 11
16 31
17 23
18 25
19 33
20 22
21 23
22 11
23 3
24 24
25 21
26 10
27 4
28 19
29 4
30 5
31 4
32 3
33 29
34 29
35 19
36 22
37 20
38 12
39 25
40 21
41 21
42 21
43 25
44 24
45 21
46 25
47 4
48 21
49 12
50 6
51 32
52 20
53 29
54 2
55 10
56 2
57 22
58 1
59 8
60 30
61 5
62 15
63 12
64 23
65 8
66 1
67 15
68 25
69 21
70 6
71 4
72 25
73 9
74 25
75 2
76 5
77 31
78 32
79 14
80 31
81 5
82 25
83 10
84 17
85 21
86 28
87 19
88 19
89 33
90 22
91 1
92 2
93 17
94 16
95 6
96 7
97 11
98 29
99 6
100 23
101 9
102 31
103 19
104 20
105 3
106 28
107 11
108 32
109 32
110 26
111 33
112 15
113 7
114 8
115 1
116 29
117 5
118 25
119 10
120 3
121 33
122 16
123 30
124 27
125 3
126 4
127 1
128 7
129 21
130 18
131 10
132 26
133 16
134 5
135 14
136 12
137 5
138 25
139 25
140 24
141 16
142 32
143 26
144 33
145 5
146 28
147 34
148 13
149 7
150 27
151 11
152 3
153 28
154 19
155 5
156 24
157 23
158 10
159 2
160 28
161 16
162 3
163 25
164 6
165 31
166 24
167 7
168 18
169 14
170 3
171 1
172 25
173 22
174 22
175 26
176 30
177 15
178 4
179 4
180 15
181 32
182 6
183 32
184 19
185 23
186 21
187 13
188 7
189 33
190 33
191 11
192 2
193 18
194 25
195 8
196 31
197 23
198 27
199 21
200 29
201 16
202 19
203 5
204 8
205 8
206 11
207 16
208 16
209 8
210 8
211 13
212 18
213 3
214 1
215 12
216 10
217 18
218 21
219 11
220 3
221 29
222 20
223 33
224 27
225 21
226 19
227 15
228 17
229 20
230 8
231 2
232 25
233 3
234 2
235 1
236 27
237 25
238 4
239 29
240 23
241 17
242 7
243 6
244 2
245 33
246 19
247 1
248 14
249 10
250 19
251 21
252 10
253 2
254 1
255 12
256 14
257 18
258 14
259 18
260 14
261 14
262 5
263 30
264 9
265 12
266 21
267 2
268 2
269 8
270 15
271 10
272 13
273 10
274 17
275 13
276 3
277 19
278 21
279 4
280 33
281 22
282 26
283 29
284 1
285 28
286 21
287 25
288 33
289 33
290 33
291 33
292 17
293 15
294 16
295 17
296 11
297 5
298 26
299 26
300 32
301 27
302 22
303 33
304 20
305 9
306 13
307 8
308 3
309 18
310 11
311 7
312 31
313 11
314 10
315 25
316 28
317 33
318 14
319 7
320 19
321 10
322 15
323 33
324 18
325 11
326 32
327 1
328 25
329 1
330 1
331 1
332 1
333 29
334 21
335 32
336 30
337 25
338 7
339 28
340 18
341 31
342 6
343 27
344 11
345 29
346 15
347 32
348 20
349 23
350 2
351 33
352 4
353 29
354 11
355 20
356 23
357 6
358 15
359 30
360 31
361 13
362 10
363 17
364 21
365 2
366 23
367 11
368 10
369 8
370 18
371 16
372 12
373 3
374 1
375 28
376 23
377 21
378 5
379 31
380 15
381 16
382 30
383 23
384 2
385 30
386 22
387 16
388 3
389 2
390 7
391 10
392 12
393 29
394 4
395 16
396 15
397 6
398 18
399 14
400 6
401 7
402 30
403 10
404 25
405 3
406 9
407 29
408 19
409 12
410 1
411 20
412 32
413 26
414 29
415 16
416 1
417 12
418 26
419 5
420 2
421 16
422 12
423 29
424 29
425 17
426 28
427 2
428 24
429 3
430 1
431 21
432 27
433 29
434 23
435 23
436 16
437 31
438 14
439 5
440 12
441 32
442 6
443 31
444 2
445 13
446 25
447 1
448 4
449 10
450 25
451 29
452 23
453 5
454 29
455 22
456 19
457 13
458 14
459 9
460 20
461 16
462 10
463 3
464 33
465 3
466 10
467 30
468 25
469 5
470 2
471 25
472 1
473 8
474 29
475 1
476 15
477 12
478 6
479 1
480 25
481 2
482 3
483 25
484 33
485 2
486 1
487 8
488 27
489 3
490 5
491 11
492 9
493 6
494 25
495 30
496 4
497 4
498 12
499 2
500 10
501 1
502 15
503 29
504 7
505 7
506 19
507 33
508 18
509 2
510 12
511 7
512 33
513 15
514 25
515 20
516 27
517 33
518 1
519 1
520 18
521 24
522 25
523 13
524 32
525 33
526 3
527 30
528 16
529 11
530 2
531 15
532 25
533 4
534 19
535 25
536 1
537 26
538 3
539 10
540 11
541 33
542 6
543 32
