1 9
2 13
3 18
4 14
5 19
6 23
7 3
8 1
9 15
10 9
11 4
12 9
13 23
14 17
15 1
16 9
17 14
18 4
19 7
20 4
21 12
22 22
23 2
24 1
25 21
26 17
27 5
28 9
29 18
30 6
31 4
32 12
33 15
34 2
35 7
36 1
37 14
38 12
39 9
40 1
41 2
42 11
43 5
44 19
45 2
46 1
47 7
48 1
49 13
50 18
51 14
52 7
53 15
54 10
55 2
56 9
57 23
58 1
59 19
60 1
61 4
62 1
63 14
64 13
65 21
66 14
67 2
68 13
69 14
70 2
71 22
72 5
73 11
74 14
75 20
76 7
77 9
78 1
79 15
80 14
81 2
82 22
83 2
84 7
85 5
86 11
87 16
88 12
89 2
90 1
91 14
92 17
93 8
94 6
95 7
96 12
97 23
98 6
99 17
100 2
101 21
102 9
103 14
104 1
105 22
106 5
107 8
108 4
109 10
110 3
111 6
112 12
113 22
114 10
115 23
116 21
117 16
118 7
119 17
120 13
121 13
122 13
123 2
124 13
125 18
126 9
127 5
128 23
129 9
130 12
131 15
132 18
133 23
134 11
135 22
136 15
137 12
138 1
139 11
140 10
141 18
142 5
143 10
144 17
145 15
146 1
147 3
148 2
149 3
150 1
151 13
152 3
153 15
154 16
155 3
156 8
157 11
158 23
159 15
160 17
161 2
162 6
163 18
164 11
165 7
166 9
167 15
168 12
169 5
170 23
171 15
172 7
173 21
174 20
175 8
176 3
177 9
178 13
179 2
180 15
181 2
182 13
183 8
184 20
185 17
186 1
187 21
188 8
189 2
190 16
191 6
192 10
193 17
194 19
195 6
196 13
197 9
198 8
199 3
200 2
201 20
202 1
203 21
204 16
205 3
206 7
207 2
208 12
209 18
210 4
211 9
212 22
213 1
214 1
215 1
216 1
217 4
218 15
219 23
220 19
221 15
222 13
223 12
224 18
225 3
226 5
227 21
228 2
229 23
230 14
231 11
232 9
233 13
234 19
235 2
236 14
237 6
238 1
239 23
240 9
241 18
242 13
243 1
244 3
245 22
246 22
247 20
248 4
249 3
250 6
251 16
252 14
253 2
254 16
255 10
256 3
257 4
258 20
259 1
260 12
261 3
