1 16
2 20
3 2
4 10
5 11
6 5
7 18
8 13
9 2
10 9
11 18
12 20
13 4
14 16
15 9
16 20
17 3
18 2
19 7
20 1
21 12
22 17
23 2
24 2
25 13
26 5
27 17
28 8
29 5
30 21
31 10
32 6
33 22
34 17
35 18
36 2
37 14
38 3
39 1
40 2
41 12
42 22
43 2
44 10
45 11
46 15
47 21
48 20
49 16
50 2
51 14
52 4
53 22
54 6
55 14
56 2
57 11
58 6
59 22
60 17
61 6
62 17
63 9
64 16
65 12
66 1
67 17
68 13
69 1
70 1
71 9
72 17
73 4
74 17
75 7
76 1
77 2
78 20
79 9
80 6
81 13
82 21
83 13
84 15
85 16
86 8
87 2
88 22
89 21
90 16
91 17
92 1
93 12
94 4
95 5
96 5
97 21
98 20
99 17
100 8
101 7
102 3
103 1
104 9
105 18
106 11
107 14
108 6
109 12
110 19
111 16
112 3
113 5
114 11
115 1
116 7
117 1
118 18
119 14
120 3
121 22
122 13
123 8
124 22
125 16
126 10
127 14
128 6
129 16
130 14
131 22
132 10
133 2
134 9
135 4
136 7
137 14
138 12
139 20
140 18
141 9
142 12
143 22
144 8
145 11
146 19
147 12
148 4
149 2
150 17
151 6
152 2
153 10
154 11
155 19
156 9
157 16
158 21
159 16
160 22
161 13
162 20
163 10
164 20
165 5
166 1
167 3
168 5
169 12
170 9
171 4
172 2
173 3
174 12
175 1
176 19
177 9
178 1
179 6
180 11
181 2
182 5
183 13
184 11
185 2
186 1
187 7
188 6
189 9
190 7
191 17
192 9
193 9
194 1
195 7
196 4
197 17
198 7
199 13
200 22
201 22
202 10
203 8
204 17
205 19
206 21
207 6
208 10
209 8
210 14
211 7
212 4
213 18
214 15
215 15
216 15
217 6
218 22
219 10
220 2
221 4
222 11
223 12
224 21
225 5
226 3
227 13
228 6
229 19
230 1
231 8
232 6
233 10
234 14
235 20
236 11
237 3
238 21
239 16
240 4
241 10
242 6
243 21
244 9
245 7
246 21
247 22
248 6
249 5
250 17
251 18
252 8
253 20
254 11
255 3
256 19
257 7
258 3
259 1
260 4
261 7
