1 4
2 7
3 17
4 2
5 14
6 15
7 22
8 11
9 7
10 1
11 12
12 17
13 5
14 21
15 14
16 22
17 7
18 1
19 19
20 7
21 7
22 4
23 1
24 14
25 13
26 8
27 10
28 9
29 5
30 22
31 20
32 3
33 7
34 10
35 14
36 21
37 16
38 12
39 4
40 1
41 10
42 7
43 13
44 15
45 16
46 1
47 6
48 21
49 18
50 7
51 22
52 4
53 15
54 7
55 11
56 21
57 4
58 10
59 1
60 14
61 4
62 18
63 17
64 17
65 22
66 3
67 5
68 4
69 3
70 3
71 16
72 10
73 10
74 13
75 20
76 3
77 7
78 15
79 17
80 18
81 16
82 4
83 22
84 1
85 8
86 18
87 7
88 13
89 1
90 5
91 10
92 3
93 20
94 5
95 6
96 6
97 5
98 4
99 10
100 8
101 22
102 21
103 3
104 1
105 19
106 13
107 11
108 18
109 20
110 2
111 6
112 5
113 17
114 14
115 3
116 19
117 3
118 22
119 12
120 11
121 16
122 10
123 4
124 17
125 5
126 15
127 11
128 10
129 8
130 13
131 14
132 22
133 4
134 14
135 10
136 6
137 1
138 21
139 17
140 16
141 20
142 10
143 14
144 8
145 18
146 2
147 21
148 7
149 4
150 1
151 18
152 4
153 15
154 20
155 2
156 14
157 6
158 5
159 12
160 16
161 8
162 2
163 21
164 10
165 6
166 2
167 12
168 9
169 20
170 14
171 12
172 7
173 21
174 21
175 3
176 14
177 14
178 2
179 14
180 5
181 4
182 9
183 22
184 20
185 8
186 14
187 19
188 18
189 8
190 19
191 16
192 14
193 14
194 3
195 22
196 11
197 1
198 5
199 14
200 1
201 9
202 7
203 5
204 10
205 18
206 4
207 17
208 15
209 12
210 21
211 9
212 22
213 6
214 1
215 1
216 1
217 18
218 19
219 15
220 7
221 17
222 15
223 1
224 10
225 21
226 12
227 7
228 11
229 2
230 3
231 6
232 22
233 18
234 8
235 13
236 9
237 16
238 1
239 12
240 12
241 4
242 20
243 9
244 19
245 19
246 22
247 16
248 21
249 2
250 13
251 10
252 22
253 5
254 14
255 11
256 2
257 12
258 13
259 14
260 9
261 10
