1 16
2 17
3 10
4 11
5 5
6 7
7 14
8 17
9 1
10 22
11 15
12 10
13 13
14 5
15 4
16 1
17 22
18 18
19 22
20 11
21 9
22 2
23 17
24 5
25 2
26 18
27 14
28 16
29 13
30 3
31 11
32 21
33 1
34 2
35 6
36 18
37 15
38 21
39 4
40 20
41 17
42 17
43 10
44 6
45 4
46 1
47 18
48 1
49 13
50 17
51 7
52 18
53 6
54 19
55 10
56 9
57 2
58 13
59 1
60 1
61 21
62 1
63 7
64 13
65 2
66 3
67 8
68 8
69 22
70 20
71 3
72 14
73 8
74 12
75 21
76 18
77 13
78 17
79 2
80 9
81 5
82 16
83 5
84 1
85 13
86 8
87 10
88 21
89 1
90 22
91 2
92 18
93 4
94 13
95 11
96 11
97 12
98 4
99 14
100 6
101 22
102 21
103 20
104 1
105 3
106 16
107 5
108 9
109 7
110 12
111 9
112 22
113 15
114 3
115 20
116 18
117 15
118 8
119 1
120 18
121 18
122 19
123 2
124 10
125 4
126 6
127 19
128 22
129 3
130 3
131 8
132 22
133 21
134 11
135 17
136 15
137 4
138 20
139 10
140 19
141 4
142 7
143 14
144 8
145 11
146 1
147 6
148 3
149 12
150 1
151 21
152 5
153 6
154 7
155 12
156 4
157 16
158 2
159 15
160 21
161 13
162 6
163 10
164 14
165 8
166 21
167 15
168 11
169 6
170 19
171 19
172 17
173 2
174 2
175 20
176 9
177 22
178 2
179 4
180 6
181 1
182 4
183 12
184 2
185 22
186 1
187 8
188 9
189 4
190 22
191 11
192 4
193 4
194 20
195 6
196 13
197 15
198 12
199 22
200 5
201 21
202 17
203 2
204 14
205 9
206 5
207 3
208 17
209 18
210 19
211 8
212 12
213 1
214 1
215 1
216 1
217 11
218 19
219 6
220 17
221 16
222 10
223 1
224 3
225 15
226 21
227 12
228 20
229 7
230 18
231 9
232 20
233 22
234 19
235 15
236 3
237 13
238 21
239 18
240 20
241 5
242 14
243 1
244 8
245 22
246 22
247 21
248 5
249 14
250 8
251 14
252 6
253 2
254 16
255 19
256 12
257 21
258 12
259 1
260 13
261 1
