1 8
2 4
3 18
4 5
5 22
6 11
7 7
8 4
9 10
10 21
11 23
12 14
13 5
14 19
15 1
16 8
17 9
18 22
19 18
20 7
21 11
22 6
23 5
24 5
25 16
26 11
27 6
28 8
29 2
30 7
31 15
32 3
33 22
34 17
35 19
36 1
37 9
38 9
39 13
40 1
41 17
42 3
43 15
44 21
45 9
46 1
47 7
48 3
49 16
50 2
51 10
52 16
53 20
54 22
55 18
56 7
57 16
58 3
59 9
60 6
61 2
62 1
63 14
64 23
65 2
66 6
67 16
68 10
69 14
70 21
71 18
72 17
73 9
74 15
75 23
76 10
77 6
78 2
79 21
80 10
81 22
82 2
83 14
84 21
85 8
86 13
87 18
88 9
89 23
90 17
91 7
92 6
93 1
94 7
95 15
96 9
97 2
98 7
99 6
100 17
101 16
102 14
103 11
104 1
105 14
106 15
107 10
108 22
109 4
110 12
111 22
112 9
113 14
114 7
115 11
116 23
117 19
118 5
119 11
120 3
121 22
122 17
123 5
124 13
125 23
126 2
127 17
128 18
129 16
130 9
131 6
132 22
133 14
134 2
135 9
136 16
137 3
138 1
139 5
140 4
141 17
142 14
143 4
144 6
145 19
146 1
147 23
148 10
149 21
150 9
151 12
152 16
153 20
154 19
155 12
156 18
157 19
158 3
159 20
160 13
161 17
162 9
163 19
164 11
165 7
166 4
167 23
168 8
169 15
170 2
171 5
172 4
173 3
174 13
175 4
176 12
177 22
178 4
179 6
180 19
181 10
182 14
183 4
184 15
185 22
186 5
187 10
188 18
189 3
190 6
191 15
192 4
193 6
194 21
195 17
196 2
197 7
198 6
199 12
200 1
201 13
202 3
203 16
204 6
205 7
206 8
207 18
208 19
209 22
210 23
211 10
212 5
213 4
214 1
215 1
216 1
217 14
218 10
219 5
220 21
221 20
222 2
223 21
224 19
225 7
226 13
227 16
228 11
229 10
230 5
231 23
232 11
233 10
234 21
235 7
236 15
237 8
238 11
239 18
240 16
241 9
242 3
243 5
244 3
245 16
246 14
247 22
248 3
249 12
250 9
251 14
252 18
253 15
254 6
255 19
256 12
257 12
258 15
259 15
260 9
261 1
