1 11
2 8
3 20
4 13
5 2
6 18
7 14
8 6
9 20
10 11
11 2
12 19
13 5
14 10
15 22
16 5
17 13
18 2
19 14
20 1
21 15
22 7
23 3
24 11
25 15
26 3
27 14
28 7
29 17
30 4
31 3
32 9
33 11
34 6
35 22
36 1
37 7
38 9
39 12
40 16
41 20
42 19
43 1
44 16
45 14
46 22
47 13
48 8
49 2
50 8
51 6
52 21
53 1
54 20
55 5
56 21
57 17
58 8
59 10
60 21
61 2
62 1
63 19
64 14
65 13
66 1
67 20
68 17
69 18
70 16
71 14
72 3
73 9
74 14
75 1
76 21
77 3
78 20
79 20
80 1
81 5
82 13
83 6
84 16
85 9
86 22
87 7
88 10
89 14
90 3
91 2
92 21
93 12
94 10
95 11
96 9
97 8
98 5
99 10
100 15
101 7
102 17
103 21
104 22
105 4
106 1
107 3
108 2
109 12
110 2
111 11
112 13
113 5
114 17
115 12
116 21
117 12
118 16
119 21
120 20
121 20
122 3
123 5
124 19
125 20
126 6
127 8
128 3
129 7
130 4
131 7
132 11
133 17
134 16
135 3
136 13
137 17
138 1
139 19
140 8
141 4
142 15
143 7
144 10
145 2
146 6
147 13
148 14
149 20
150 22
151 1
152 17
153 4
154 14
155 6
156 20
157 13
158 5
159 11
160 8
161 13
162 6
163 19
164 7
165 1
166 8
167 11
168 3
169 4
170 21
171 11
172 11
173 8
174 18
175 12
176 2
177 8
178 6
179 3
180 11
181 8
182 1
183 14
184 18
185 3
186 2
187 1
188 21
189 14
190 1
191 4
192 6
193 6
194 21
195 19
196 9
197 3
198 13
199 3
200 17
201 18
202 22
203 10
204 4
205 3
206 1
207 10
208 9
209 14
210 15
211 2
212 12
213 8
214 22
215 22
216 22
217 6
218 3
219 18
220 16
221 17
222 19
223 16
224 4
225 13
226 8
227 11
228 10
229 6
230 21
231 2
232 20
233 15
234 16
235 5
236 19
237 9
238 6
239 17
240 11
241 20
242 22
243 1
244 9
245 15
246 17
247 15
248 4
249 1
250 20
251 1
252 7
253 5
254 3
255 19
256 13
257 14
258 11
259 21
260 9
261 2
