1 4
2 10
3 5
4 18
5 16
6 2
7 13
8 1
9 22
10 7
11 22
12 3
13 14
14 19
15 20
16 14
17 7
18 22
19 11
20 2
21 1
22 2
23 16
24 7
25 6
26 7
27 14
28 16
29 14
30 7
31 13
32 22
33 10
34 1
35 8
36 18
37 1
38 22
39 20
40 18
41 16
42 1
43 5
44 10
45 8
46 4
47 3
48 7
49 4
50 5
51 7
52 9
53 10
54 9
55 20
56 18
57 3
58 22
59 1
60 1
61 3
62 22
63 11
64 22
65 6
66 10
67 2
68 21
69 2
70 8
71 18
72 13
73 13
74 8
75 22
76 11
77 1
78 10
79 1
80 12
81 11
82 2
83 7
84 19
85 1
86 20
87 21
88 12
89 7
90 16
91 4
92 3
93 15
94 14
95 15
96 15
97 6
98 21
99 14
100 18
101 7
102 22
103 2
104 15
105 20
106 8
107 16
108 12
109 9
110 17
111 9
112 16
113 19
114 21
115 8
116 4
117 8
118 5
119 2
120 18
121 2
122 13
123 21
124 3
125 16
126 10
127 18
128 4
129 4
130 11
131 16
132 3
133 18
134 12
135 4
136 20
137 2
138 6
139 3
140 18
141 11
142 13
143 3
144 20
145 12
146 1
147 4
148 7
149 1
150 16
151 12
152 7
153 10
154 9
155 17
156 11
157 19
158 14
159 6
160 20
161 19
162 15
163 1
164 3
165 8
166 1
167 22
168 16
169 9
170 5
171 22
172 21
173 21
174 21
175 8
176 3
177 9
178 3
179 12
180 15
181 2
182 11
183 7
184 21
185 18
186 4
187 6
188 12
189 20
190 13
191 8
192 19
193 20
194 2
195 15
196 6
197 8
198 7
199 3
200 8
201 16
202 1
203 14
204 13
205 21
206 16
207 21
208 3
209 8
210 18
211 12
212 7
213 6
214 1
215 1
216 1
217 15
218 12
219 10
220 5
221 6
222 10
223 1
224 17
225 3
226 22
227 7
228 3
229 9
230 2
231 13
232 8
233 6
234 2
235 18
236 12
237 16
238 22
239 4
240 14
241 7
242 3
243 21
244 14
245 6
246 7
247 18
248 8
249 14
250 21
251 1
252 19
253 8
254 13
255 22
256 17
257 6
258 17
259 1
260 16
261 2
