1 20
2 16
3 7
4 12
5 6
6 4
7 1
8 16
9 8
10 13
11 1
12 14
13 12
14 10
15 22
16 13
17 21
18 3
19 5
20 3
21 9
22 2
23 8
24 19
25 18
26 8
27 10
28 14
29 3
30 6
31 15
32 5
33 21
34 19
35 4
36 1
37 12
38 9
39 2
40 5
41 19
42 21
43 13
44 16
45 14
46 22
47 3
48 12
49 7
50 7
51 13
52 20
53 8
54 13
55 18
56 13
57 7
58 2
59 22
60 2
61 3
62 1
63 12
64 9
65 7
66 3
67 4
68 8
69 5
70 16
71 5
72 11
73 9
74 3
75 6
76 8
77 15
78 11
79 20
80 15
81 12
82 19
83 13
84 21
85 5
86 10
87 14
88 7
89 21
90 11
91 20
92 2
93 18
94 10
95 20
96 9
97 6
98 12
99 10
100 13
101 19
102 17
103 15
104 18
105 6
106 3
107 11
108 1
109 4
110 1
111 2
112 8
113 20
114 12
115 4
116 20
117 3
118 6
119 10
120 3
121 3
122 11
123 12
124 3
125 20
126 1
127 7
128 8
129 8
130 2
131 13
132 17
133 21
134 4
135 20
136 6
137 3
138 8
139 21
140 7
141 12
142 15
143 7
144 10
145 12
146 9
147 21
148 18
149 19
150 15
151 1
152 21
153 6
154 5
155 13
156 5
157 21
158 21
159 20
160 7
161 2
162 17
163 14
164 19
165 8
166 3
167 20
168 11
169 1
170 15
171 9
172 2
173 7
174 2
175 4
176 1
177 21
178 15
179 7
180 17
181 7
182 2
183 19
184 17
185 6
186 7
187 17
188 15
189 5
190 12
191 18
192 13
193 13
194 18
195 21
196 9
197 4
198 5
199 6
200 20
201 2
202 16
203 10
204 6
205 1
206 21
207 17
208 14
209 10
210 17
211 8
212 9
213 3
214 22
215 22
216 22
217 13
218 7
219 2
220 16
221 8
222 11
223 18
224 6
225 1
226 3
227 20
228 12
229 13
230 14
231 9
232 13
233 15
234 16
235 10
236 2
237 14
238 7
239 21
240 2
241 20
242 3
243 17
244 4
245 18
246 18
247 17
248 6
249 11
250 9
251 18
252 10
253 21
254 11
255 3
256 19
257 18
258 19
259 6
260 9
261 21
